-4.561
-3.4598
-2.4786
-3.1443
-0.85534
-0.68144
-1.2349
0.23047
1.6927
3.2479
2.3562
3.4879
3.1772
3.6956
1.319
2.1677
1.7174
1.3727
0.51243
0.32139
-0.78917
-1.0025
-1.1275
-2.0865
-2.6437
-5.0058
-4.4324
-4.4256
-6.562
-5.0655
-7.3546
-7.3055
-7.5429
-6.9272
-6.8114
-6.991
-7.3894
-6.2932
-6.8147
-4.856
-6.3253
-9.0756
-7.4821
-6.0738
-6.8488
-7.3612
-6.1313
-5.6863
-5.6979
-4.5841
-5.0074
-3.6883
-4.7468
-3.5243
-3.9149
-2.3124
-3.7149
-2.6561
-3.4146
-3.5005
-4.1013
-3.0232
-3.6594
-3.1983
-3.9413
-4.6761
-4.3732
-3.4714
-4.5832
-4.1483
-4.444
-5.161
-6.9563
-6.2575
-6.9245
-6.6575
-7.5763
-6.7134
-6.9321
-7.1115
15.5657
16.5213
16.9629
16.2819
16.4368
16.2605
14.3737
13.8795
14.2001
13.9963
14.2918
13.8088
12.9173
12.5243
13.1044
12.9711
11.8505
11.8514
11.7034
11.9126
11.8132
12.2
13.4372
12.6407
13.0084
14.0819
14.7341
14.3371
16.1643
14.85
16.0979
16.1667
16.3693
17.6046
18.5403
17.6086
17.1069
18.1668
15.8574
17.5398
-10.5247
-11.6375
-11.0086
-9.442
-9.1733
-7.5664
-8.9253
-7.3212
-7.4197
-7.2103
-6.1388
-6.0423
-6.0884
-6.737
-5.643
-6.961
-6.5737
-6.6874
-8.1899
-8.1801
-8.6027
-8.6959
-9.7177
-10.7436
-10.2113
-10.8578
-10.9859
-11.079
-12.6146
-12.2306
-11.2945
-11.1045
-12.9907
-12.8361
-12.3066
-12.8781
-12.772
-13.4748
-12.2543
-11.0366
2.3855
1.918
2.3278
1.7666
2.3652
2.6708
3.1439
4.1871
2.0436
5.6393
5.2162
5.8281
5.829
5.8119
7.3587
6.9917
7.9345
7.4482
8.6911
7.846
6.0233
6.4838
7.3961
5.3653
4.9488
6.4944
7.255
5.7708
5.995
5.4056
5.3987
3.9721
3.9775
2.7219
1.9248
3.5778
2.6724
3.2437
3.8255
0.22933
-13.3033
-12.5991
-13.3191
-13.8108
-14.7963
-14.7853
-16.4792
-15.8148
-16.5836
-16.5626
-14.8464
-17.6498
-15.7388
-15.0793
-15.7432
-15.2541
-15.3315
-14.943
-14.7676
-13.9018
-14.5174
-12.7969
-11.5329
-12.0457
-11.4536
-10.1179
-10.1321
-10.0637
-10.6526
-9.9871
-9.869
-8.4711
-9.0245
-10.9573
-10.0709
-8.6677
-11.2302
-10.6253
-9.9497
-11.1671
-12.7585
-11.1683
-11.9731
-9.9634
-9.424
-7.9826
-8.0325
-7.134
-5.7071
-6.2036
-5.1618
-4.1203
-4.7902
-4.1525
-3.2679
-3.9102
-3.7513
-3.9704
-5.2739
-6.3415
-6.5945
-8.022
-7.8864
-8.9132
-10.959
-9.652
-11.6208
-11.9918
-13.1331
-14.5578
-13.218
-15.1571
-15.2299
-14.6437
-15.7874
-14.548
-14.6787
-14.6154
-13.6281
-12.8322
1.5721
0.99595
2.4153
1.8676
2.9887
2.8384
4.6394
5.4926
4.7299
6.4876
6.97
6.3441
7.4823
7.7669
9.4898
8.6987
9.2585
9.861
8.4391
9.2085
8.1883
7.2766
7.2165
6.4303
6.3239
6.1077
4.5714
4.4094
4.7332
2.7019
1.5083
2.6989
2.1139
1.4823
0.16232
1.3751
-0.37894
0.37681
0.10489
1.692
4.8216
2.0612
2.3886
2.6902
4.0821
2.9956
2.401
4.724
2.6013
3.2833
4.0602
4.7503
5.0633
4.4571
5.7563
5.1483
4.5705
5.6126
3.2134
3.6422
4.5952
4.2839
4.5464
2.3071
3.0413
2.5439
1.9191
3.0613
2.3177
2.0081
2.1815
2.7481
1.7044
2.4606
2.4264
2.0207
1.8357
2.8417
1.7218
1.9695
-14.158
-16.7604
-18.2358
-18.5592
-18.6908
-19.1905
-20.6751
-20.1003
-19.9112
-20.3352
-19.9696
-20.8341
-19.2946
-18.4994
-18.9519
-17.9696
-17.1652
-18.2451
-17.1855
-15.8486
-14.5455
-12.7308
-14.064
-12.0997
-13.2879
-11.5049
-12.5452
-10.6909
-11.6743
-11.2503
-9.7173
-11.1062
-11.0925
-11.2208
-12.9384
-12.906
-13.8917
-12.5685
-15.1099
-15.3216
-3.7057
-2.1628
-1.0972
-0.044558
2.7924
2.2226
1.3413
3.6325
3.5644
6.5091
5.7604
6.0511
5.8395
6.394
7.5474
7.0917
7.957
8.3109
8.0318
7.3923
6.72
5.9193
5.1906
5.2208
3.7258
3.4931
0.84816
0.3368
0.99662
-0.76285
-3.1456
-3.1099
-4.1511
-5.3076
-4.3958
-4.4336
-4.4394
-3.6244
-3.5684
-3.4854
-0.75281
-2.4984
-3.7071
-2.0513
-1.4621
-0.044428
0.014635
2.4153
0.87715
3.3486
4.5739
4.3883
5.2195
6.9951
6.6344
6.8799
9.2655
7.2126
8.5451
7.197
8.7384
8.6054
8.1914
7.4924
7.0075
6.6575
7.2013
5.6126
3.6787
3.6332
2.4425
1.382
0.19779
0.11661
-0.82775
-2.5362
-1.3344
-1.1951
-1.6142
-3.9623
4.114
3.5098
1.3112
2.2426
2.3183
1.9291
1.4545
-1.248
0.64284
-0.86668
0.5849
-1.9644
-1.804
-2.0561
-1.2053
-2.0331
-1.6034
-3.133
-2.3751
-2.032
0.75434
-0.95399
-0.44761
0.34516
1.173
2.3776
0.95391
2.2858
2.4137
4.3182
3.4646
3.9347
4.1197
5.8742
4.056
5.7913
3.3653
4.0268
4.1064
5.0777
3.0771
2.4328
2.1993
2.2133
3.947
3.1677
2.0333
2.039
1.7307
2.2808
1.9561
1.7969
1.7
1.4843
2.5406
0.60688
1.4383
1.0866
2.88
1.3237
3.7941
2.6111
2.2866
2.8544
2.4524
3.8356
3.3657
2.1579
3.3378
2.4873
3.1228
2.6936
3.5782
3.6579
3.0912
3.6953
2.5364
2.0133
3.0806
1.6797
2.8758
2.5708
2.3709
3.2581
5.8609
4.1717
5.2145
7.0399
6.6457
5.6884
6.5125
7.6792
7.5377
7.8726
7.3745
6.6467
7.7281
6.0636
7.4399
5.4178
7.0123
8.718
6.906
6.1272
4.6185
5.5452
4.7066
4.3388
4.006
3.9935
3.3236
1.2271
2.3925
1.9086
1.3464
0.44835
1.1916
1.4954
1.7909
2.1344
-2.5322
-4.4691
-4.2967
-3.3487
-4.0062
-4.1815
-4.1905
-4.9214
-5.4115
-2.8783
-4.419
-3.8265
-2.8914
-3.3624
-1.0763
-1.3039
-1.4645
-1.128
0.3849
2.3874
2.4432
2.0931
2.0746
3.3848
3.1186
2.3237
4.0763
3.6547
3.5799
3.8906
3.0854
2.7768
2.772
1.7426
2.8233
-0.024258
-0.073848
-1.1883
-0.21601
-2.2903
8.7211
9.3736
6.9891
8.9882
6.6539
5.0065
6.6341
4.8388
4.0906
2.5561
2.8186
2.8811
2.7787
1.7919
0.58493
1.053
-0.47803
1.4579
0.57675
0.077268
0.33893
0.62297
1.6676
1.5444
2.6239
1.9441
3.1929
3.5726
4.7345
5.6314
6.1044
6.601
6.4628
7.2314
6.887
8.7527
8.5129
8.0696
8.7566
9.4636
-0.75151
-1.6113
-0.34843
-0.80239
1.0948
0.13121
1.9967
0.66907
1.8403
1.2282
0.40908
1.547
1.4758
0.75247
0.053834
0.55991
-0.36356
-1.4911
-2.0992
-1.6729
-2.5646
-2.629
-3.9626
-3.167
-4.4484
-5.7786
-5.5627
-5.5259
-5.471
-5.9407
-4.3543
-6.3567
-6.1565
-5.2464
-4.9147
-4.8083
-4.8701
-3.9375
-2.8518
-2.395
8.4383
5.8824
4.8616
6.9116
3.5491
4.6178
2.6217
3.0849
2.4189
2.1853
1.3223
2.053
1.3705
0.22166
1.106
1.9035
2.1612
4.3179
1.6155
3.4605
4.1265
5.2807
4.9365
5.0578
6.9513
7.8257
8.1044
7.5958
8.5627
9.0499
10.5613
9.2767
10.3128
10.1112
9.5892
9.7693
9.3433
8.0846
7.9564
6.5565
0.78446
-0.15919
0.17044
1.0778
-0.4511
-1.1359
-1.8304
-3.4034
-2.3827
-4.1917
-5.209
-5.7254
-6.0026
-7.5987
-9.2471
-10.3217
-10.2494
-11.2767
-12.3744
-13.5821
-12.7889
-14.6935
-13.4135
-13.9095
-14.1148
-13.0716
-12.7175
-10.4418
-10.7643
-10.9546
-7.7631
-8.3373
-6.4884
-6.3335
-4.778
-4.7503
-1.9866
-2.5101
-0.65091
0.35607
-9.5518
-11.7189
-10.6483
-11.3821
-11.3984
-11.2407
-11.1178
-11.2068
-9.8229
-9.1112
-7.2755
-6.8978
-5.674
-4.3989
-3.0154
-2.4795
-1.9462
0.41452
-0.4364
1.5006
1.4059
2.4111
3.5195
3.0392
3.1299
5.0341
3.6472
1.9652
2.2835
2.6709
1.3801
-0.010233
-2.0012
-2.5481
-4.6666
-4.5924
-5.8057
-7.1688
-9.0694
-9.7117
-1.7338
-1.2193
-1.6026
-2.2725
-1.5146
-2.046
-4.1484
-3.8488
-4.9736
-4.8843
-5.7331
-4.5418
-7.6029
-6.5218
-7.3321
-7.8494
-7.969
-7.4744
-7.3759
-6.7826
-6.3637
-6.7924
-7.484
-6.1235
-5.6515
-4.7609
-3.1539
-4.7185
-3.4757
-2.7373
-2.6134
-2.2659
-2.3589
-1.169
-0.11281
-0.3954
-0.7732
-0.32668
-0.15237
-1.656
4.6423
3.4913
3.6136
2.6321
3.65
1.4532
2.5075
0.83827
-0.24074
0.36831
-1.1806
-1.1043
-2.5164
-3.6431
-2.5366
-3.7734
-5.1955
-5.4131
-5.326
-6.4157
-5.4918
-5.6569
-5.4462
-5.97
-3.8369
-3.6427
-2.4685
-1.3656
-1.6297
-0.13174
0.69699
0.36352
2.7103
3.4332
3.3774
4.1284
4.2297
3.6619
3.6487
3.733
0.55815
1.2406
-0.2444
0.95204
0.69105
0.3751
2.3555
2.1192
2.2769
1.4926
3.2926
1.7388
1.2625
2.393
2.3136
1.1102
1.2821
1.2164
1.6585
2.094
1.1962
0.75115
-0.36962
0.94188
0.055398
-0.55027
-1.0403
-1.3696
-0.9556
-0.64475
-0.82433
-0.31721
-1.4997
-0.79715
-0.74032
-2.5132
-1.0004
-1.4432
1.1314
-0.42813
-7.1965
-6.7347
-8.4697
-7.6782
-6.1866
-6.7344
-5.7672
-5.1081
-4.7639
-3.851
-4.1944
-1.3438
-0.5582
-0.14476
1.4388
1.3561
3.1884
1.829
1.0467
3.0592
1.5424
1.8017
2.0808
1.7427
1.518
1.6658
-0.027378
-0.9364
-1.8959
-2.085
-1.9148
-3.7738
-4.2074
-4.5601
-4.967
-5.256
-7.7322
-6.9138
-7.0354
-7.6809
5.7408
3.3275
5.1571
4.968
5.1837
5.845
5.3538
6.2535
6.1718
5.6192
6.2345
5.3598
4.4936
6.2886
4.0778
5.9936
5.7167
4.1936
5.2757
4.7193
4.2906
4.676
3.6919
3.9754
4.6912
4.6655
4.9114
3.4847
3.4989
4.1901
4.7049
4.6555
4.6449
3.5857
4.0074
3.9029
4.6053
4.5426
4.2915
2.9646
-0.53477
-0.62835
-0.14738
-0.086196
-0.13028
-0.63777
-0.042175
-1.2462
0.47215
-0.3729
-1.0731
-0.39058
-0.89765
-0.93105
-0.57687
-0.48554
-1.707
-2.0627
-2.5275
-1.431
-3.1267
-1.8403
-2.2861
-2.2733
-1.8902
-2.2306
-3.5868
-1.628
-2.2659
-2.3944
-2.4109
-2.7119
-1.8585
-1.5164
-2.4585
-1.4638
-0.016025
-0.84016
-1.3869
-0.12755
7.7613
6.6393
8.473
7.1421
7.7625
5.2859
5.0876
5.2955
3.1652
4.665
3.6382
4.0355
3.6892
2.5737
3.5855
2.9519
3.7015
2.7496
3.8497
3.0344
3.6554
3.9045
5.7534
4.7634
5.565
5.7694
6.7853
7.0721
7.6489
8.6004
7.1943
9.7892
8.7678
9.332
8.5083
9.9595
8.878
8.0726
9.4293
8.0401
-9.3443
-9.0824
-8.4695
-6.7229
-6.382
-6.7016
-4.7517
-4.8404
-1.5401
-2.3701
-0.92003
0.2686
0.28867
1.0575
2.6511
1.6937
2.5371
1.7339
1.8194
1.4084
-0.22953
0.028946
0.14656
-2.2417
-2.8656
-4.2919
-3.9951
-5.7844
-7.2822
-8.7091
-9.8596
-9.6038
-9.8585
-10.76
-10.5384
-10.0943
-10.8877
-10.5218
-10.524
-9.4002
8.2702
8.6747
7.0862
8.2301
7.2667
6.8056
6.2752
6.7938
5.4004
6.0479
5.783
4.584
5.9555
4.6577
4.4792
4.1783
4.6515
5.2603
5.3839
4.2759
4.2779
3.9338
5.5343
5.8846
7.1398
5.6511
6.2828
5.3428
7.0475
8.3591
7.429
8.9943
7.3475
7.8402
8.2019
9.4129
10.338
10.2962
8.0662
9.7999
2.081
1.6754
0.90725
0.10274
-0.41086
-0.68938
-0.95664
-1.7604
-1.1177
-2.2389
-3.5936
-3.0377
-3.7352
-2.9987
-3.0006
-5.436
-3.732
-2.7693
-5.5645
-2.7071
-3.375
-2.4938
-3.7364
-2.1452
-0.54962
-0.55356
-0.37157
-1.2735
0.0035616
1.6017
1.5867
2.0784
1.7861
1.4134
1.8964
2.8713
1.2561
3.2139
2.4679
2.0306
-3.367
-2.4562
-1.7212
-2.0992
-1.0084
-1.7077
-0.38377
-0.61013
0.092146
-1.3091
-0.59083
0.22799
-1.531
-2.2987
0.0080581
-1.1428
-1.3239
-3.1043
-1.4939
-2.9902
-1.9594
-2.9641
-2.0326
-2.9637
-3.8883
-3.0845
-3.3254
-4.0306
-5.4006
-3.378
-3.3753
-4.4729
-4.4388
-3.7522
-5.6955
-4.7651
-3.1092
-3.816
-3.2969
-2.7886
-8.9643
-7.604
-9.2895
-8.8653
-8.6632
-9.8505
-9.0717
-9.7854
-10.1354
-8.4845
-7.1345
-8.9163
-6.4901
-6.4425
-5.8861
-4.3775
-5.0052
-2.9675
-2.6418
-0.47621
-2.0972
-0.35827
0.27272
0.2538
-1.3583
1.1814
1.5948
-1.5341
-0.90775
-0.65789
-1.4027
-1.6737
-2.244
-3.2698
-4.6513
-4.131
-5.6953
-5.8751
-7.6122
-6.6017
-1.8707
-2.1922
-3.1989
-3.3631
-1.8437
-4.5267
-3.2883
-4.1431
-4.4585
-4.023
-5.3848
-5.5282
-5.5333
-4.2142
-5.1352
-4.5252
-4.183
-3.6996
-2.8346
-2.2733
-1.5582
-1.9304
-0.50727
0.57178
0.074255
1.5544
1.9121
2.932
1.4449
3.0767
2.8054
1.7152
2.277
2.1441
1.9313
1.8859
0.98947
-0.36055
0.80168
-1.7542
-5.8357
-3.8711
-2.9775
-3.8294
-4.8389
-4.642
-5.7704
-4.4069
-2.6612
-4.2979
-5.5157
-3.709
-3.8362
-3.8941
-2.7563
-1.9777
-1.5602
-2.5085
-1.5718
-0.30393
0.67163
0.92792
2.4985
0.72596
1.4324
0.71049
1.1071
1.6685
2.2936
0.99387
-0.15092
0.41236
-0.97732
-0.34232
-0.46902
-2.2647
-1.5969
-2.1639
-2.8058
-3.8314
-5.4477
-6.1736
-8.4032
-6.1805
-6.5478
-8.0506
-6.1719
-7.4327
-5.8776
-4.9168
-5.0418
-4.8751
-4.1201
-2.4951
-4.1442
-4.463
-3.0133
-2.4723
-2.069
-0.91977
-1.0014
-1.6458
-1.5861
-1.6457
-2.4471
-0.30424
-1.0645
-0.2738
-0.68064
-1.8009
-1.0977
-1.8573
-2.838
-2.9039
-2.9747
-4.3821
-5.1298
-6.6302
-6.6123
-7.1105
-2.2918
-3.2023
-4.4363
-4.7389
-6.2889
-6.6478
-8.3396
-9.8203
-8.949
-10.0468
-10.1602
-11.1104
-11.7044
-11.8836
-11.7811
-11.8548
-11.1276
-11.2521
-10.5822
-8.9895
-10.1743
-8.3036
-6.1388
-6.2651
-4.7317
-4.6974
-4.4398
-4.4282
-2.1034
-2.1363
-1.2492
-1.2562
-1.2729
0.30088
-0.014433
1.6465
-1.0155
-2.1025
-0.1509
-2.203
9.5711
11.1255
9.9496
11.239
12.6886
12.2839
12.2878
10.8632
12.4725
11.8171
12.2141
12.7691
11.5304
10.1119
11.1587
11.0388
11.4402
10.8025
10.0386
9.5621
10.4036
9.4013
8.5246
8.3637
9.7713
8.0221
8.311
8.4895
8.824
8.1698
8.6651
7.3754
7.5783
8.2519
8.3665
9.0207
9.0773
8.3007
10.1015
8.6549
2.8856
2.6525
2.4775
3.6768
3.836
3.7336
4.9756
5.7175
6.3405
5.8766
5.356
7.6545
5.3178
6.6749
6.1469
5.4027
4.9315
5.8605
4.5218
3.772
3.7589
3.7691
2.404
2.8996
1.4562
0.75116
-1.3515
0.26808
-0.3899
-1.0174
-0.4495
-1.1177
-0.86905
-0.42611
-1.2931
0.57397
-0.031175
-0.82541
-0.00017927
2.3498
6.8607
7.9693
9.1124
11.6437
8.9671
9.298
10.176
9.3553
9.5455
8.058
8.0039
6.4744
5.4938
5.2321
6.0315
4.5338
4.5509
3.2004
3.7862
2.2441
3.4674
3.4296
1.0588
0.93387
1.2946
1.4249
0.84751
2.4786
1.4542
2.0796
2.0035
3.4084
4.0222
4.1398
3.0616
5.5049
5.7863
6.6985
7.1243
7.6655
2.2479
0.39651
1.0542
0.11093
0.93923
-1.2042
-1.4287
-3.4703
-4.3658
-4.5946
-4.8036
-6.0983
-6.1665
-5.2456
-5.8717
-6.1204
-6.7399
-6.3942
-5.6769
-4.8911
-4.5148
-3.9624
-3.537
-2.4308
-1.885
-1.5936
-0.36346
-0.1776
1.4727
1.4312
1.5921
2.1608
3.6525
2.8571
4.5791
3.1276
4.2985
3.7202
3.8865
3.2589
4.1024
8.7569
5.5588
2.6794
7.0346
6.4186
4.0344
5.796
6.4241
4.3394
2.5195
5.5512
4.4385
1.5529
3.7543
3.2288
-0.66186
0.18896
4.1214
0.21325
-0.74256
2.4548
1.2371
-0.19041
1.9568
2.2358
-0.45044
-0.17277
2.9203
0.87834
-0.79397
3.6405
3.7042
2.3181
5.2038
4.4937
3.7202
5.3928
6.7176
5.1468
-1.8239
-5.1512
-4.3734
-0.11528
-1.9559
-4.141
-1.1102
0.41609
-1.9216
0.88982
1.8453
0.36508
-0.15077
3.6204
2.1289
0.93162
4.1944
4.3319
1.901
2.8258
5.5889
2.0642
1.5404
4.0434
3.2545
0.73145
2.3076
2.8388
-0.80011
-0.92153
2.1441
-1.3848
-3.3709
0.84107
-1.5607
-4.7332
-2.5544
-1.9748
-5.2586
-3.1182
2.6043
3.4598
5.7232
2.6502
0.7454
4.6726
2.544
-0.55367
3.2846
4.3302
1.2025
2.4736
5.9553
1.6015
1.4013
5.1056
3.7914
3.1916
5.5443
6.6975
4.3281
5.8058
7.4533
6.9359
5.4843
8.9804
8.5701
5.7183
9.3011
9.3463
6.2062
7.2648
9.5673
6.656
5.8844
7.3792
5.6381
4.0021
5.7083
5.4933
6.7138
8.2342
4.8362
4.6722
7.2659
2.9835
0.74363
3.8289
4.3528
0.81118
1.2363
0.98958
-3.2511
-0.76927
-0.023341
-3.4215
-4.7832
-2.7529
-3.5828
-4.4293
-4.1122
-2.0477
-6.0189
-2.1422
0.62431
-0.72201
-1.5787
1.8827
1.2953
-1.1811
3.1229
5.4154
3.3153
4.0761
6.9361
4.082
4.9764
7.3854
6.9828
3.7486
-5.3318
-8.2937
-6.6591
-3.8888
-8.9048
-8.1635
-6.7754
-10.1411
-10.08
-8.4215
-8.4568
-9.856
-6.5786
-6.5517
-11.1353
-7.0047
-6.2855
-7.052
-7.7079
-4.4065
-5.0556
-6.8047
-4.503
-2.2097
-3.7224
-2.8692
-0.2699
-3.4055
-4.9914
-0.85184
-1.2682
-3.8813
-3.8763
-1.8807
-4.1028
-4.5419
-1.2682
-4.428
-7.373
-4.7751
-5.0104
-2.357
-1.187
-4.0715
-2.7036
0.78102
-3.6815
-0.99112
2.0127
0.11473
-1.3247
2.0724
2.3343
0.10437
2.1869
4.5502
1.785
1.9336
5.7703
4.275
2.373
6.4474
4.3849
2.2736
3.3316
6.0017
2.3101
2.2316
3.8118
2.1846
-0.54854
1.102
1.1768
-3.7686
-0.4956
0.15492
-4.1124
-3.7344
-0.14912
-2.935
17.245
14.9494
13.7729
16.3253
15.947
12.9643
14.6255
15.032
11.3628
11.1454
13.0668
11.1874
8.3588
9.9714
8.8871
6.9118
7.6263
8.954
5.5898
3.165
6.7515
5.6828
4.0948
6.422
8.1775
4.224
5.4988
10.1748
5.9166
6.2449
10.9857
8.2968
6.625
12.0526
12.8847
12.3606
13.3949
15.2454
13.6808
13.5615
2.4738
1.2944
6.9736
4.3882
2.891
6.5062
8.8498
4.9915
6.5749
11.8104
8.0837
8.9129
12.7403
10.9002
8.4132
11.2351
13.2032
8.4271
9.9884
10.9996
6.8278
7.6347
9.9871
8.1541
2.8954
6.917
5.4851
1.6316
1.4687
4.8346
1.806
-1.3268
2.3352
1.8109
-1.7473
0.85963
3.3258
0.2353
0.65816
3.9085
0.85161
3.9596
1.6846
-1.5526
2.6521
1.4561
-0.40567
1.2134
4.1576
1.1748
0.42331
4.5976
3.4924
1.9252
4.5355
4.2398
0.54785
3.1116
4.7592
1.355
2.7709
4.7611
1.7746
0.92382
3.7632
4.002
0.3974
2.651
4.3411
2.1038
1.9549
3.7638
2.8715
1.2981
3.3875
3.2436
-0.049775
2.1907
3.4249
0.28258
4.2431
2.1276
3.1207
4.625
4.5371
3.4825
5.7674
6.6182
4.1463
5.2242
8.9136
5.0029
3.9092
8.7721
7.8509
2.0374
5.8408
4.9938
2.2211
2.6546
4.7106
2.4223
-0.52895
2.9616
2.3922
-1.118
1.4921
3.2541
-0.93957
-0.44601
1.3943
-1.4102
-2.5734
1.8383
1.6571
0.77989
2.0408
3.0307
1.454
1.6421
-1.2204
-0.84776
1.6007
-0.54729
-1.4653
-0.22331
0.76045
-1.8502
-0.36406
1.3644
-2.2983
-2.3429
0.91053
-1.5445
-3.7317
-0.29284
-0.72628
-4.9546
-2.9323
-1.4652
-3.1143
-3.8872
-1.4165
-0.53543
-3.7699
-1.4118
-0.48516
-2.122
-0.36826
1.578
-1.9223
-2.3142
1.5326
-0.85374
-1.5228
-0.028165
0.89436
-1.8074
-0.44974
0.4887
-2.5367
1.0577
-2.5737
-3.9894
0.9024
-0.0059927
-2.9579
-1.6846
-1.4209
-3.6404
-4.9053
-1.25
-4.1414
-4.4628
-2.4091
-2.0237
-4.0566
-2.5258
-0.64218
-3.9352
-3.4955
-0.70884
-0.94482
-1.5399
0.16115
1.2813
-2.2188
0.036524
1.7408
-0.25619
-0.52097
2.2972
0.479
0.05012
2.4996
1.3239
-2.4943
-0.10863
0.86932
-1.83
3.4334
1.2261
0.071584
3.7478
1.8511
-0.15528
2.9197
2.9629
0.18547
0.69552
2.6638
-0.01946
-1.6734
2.9234
1.3795
-0.99846
2.9084
3.1199
1.5776
1.0668
4.8426
1.5112
2.1691
5.4891
3.8549
1.6905
4.3432
4.323
3.1067
3.7606
5.2753
4.8237
3.3373
6.8412
3.0777
1.4793
3.3974
4.025
1.5032
3.0877
-5.4558
-6.9794
-3.9503
-5.3084
-7.4803
-4.6287
-4.7451
-7.2685
-7.4071
-5.2849
-5.7796
-5.8952
-3.0697
-5.8504
-6.2615
-3.4101
-3.32
-5.3452
-3.9782
-0.22356
-2.5384
-2.4259
1.3754
-0.061399
-3.2894
0.6442
0.50468
-1.8238
0.42356
1.7764
-1.0034
-1.9702
0.63248
0.23749
-3.8916
-0.81541
-2.4921
-4.9917
-3.5323
-3.1296
-0.27056
1.6658
-0.0108
-0.19186
1.989
1.7221
-0.79434
0.87384
4.0468
0.81235
-0.49366
2.8006
0.066912
-0.65405
2.8439
2.2591
-0.69658
0.40961
3.8087
0.93905
0.012074
1.7925
0.60662
-1.2757
0.42308
1.5714
-3.1124
-0.59378
1.7855
-0.78434
0.066456
1.2461
-0.75802
-3.2325
-1.8887
0.65691
-2.5452
-0.92979
1.183
-0.55522
0.47709
-0.26415
-1.1634
3.0246
3.4499
-1.437
1.5274
3.961
2.5901
-0.37361
6.4721
3.0595
-0.076109
3.8259
3.6809
1.9184
2.8022
4.3304
-0.21301
-1.8038
1.0344
-0.59012
-3.3879
-1.6766
0.083189
-3.9538
-3.5972
-1.0637
-4.4138
-3.2524
-2.0755
-4.1314
-4.9589
-3.0758
-2.9791
-3.7502
-1.3782
-0.6011
-3.7417
-1.5634
-0.57335
-4.6097
-1.8708
-2.1221
-5.7463
-6.0511
-3.7822
-7.3541
-8.4305
-5.9776
-8.8077
-11.0862
-7.8969
-8.1513
-10.8757
-9.8115
-6.4654
-9.5811
-8.4999
-4.3258
-6.7742
-8.5762
-4.905
-3.3279
-5.6972
-4.175
-0.25308
-2.1421
-1.3314
1.2325
1.0872
-0.34287
2.7634
3.2273
-0.50235
1.9442
3.5137
0.26083
-1.9385
1.0529
-9.147
-6.1165
-6.73
-9.3922
-7.2729
-5.1682
-7.6495
-8.8194
-5.7499
-7.3322
-8.4747
-4.5928
-3.0187
-6.7494
-3.7924
-2.5736
-3.7022
-5.2039
-1.2775
-1.7834
-4.9271
-2.3065
-0.88118
-3.8076
-2.8116
0.10428
-3.7013
-4.2356
-1.5154
-3.0161
-5.0614
-3.1538
-4.7583
-6.5589
-5.5795
-3.3196
-5.8915
-8.0139
-5.6896
-6.7124
-3.9919
-4.1146
-6.1297
-2.7956
-0.80075
-0.6124
-1.3435
1.2195
1.1309
-0.37745
2.5415
3.3203
2.576
1.3595
6.0572
3.4449
3.5505
5.1519
3.7479
1.5893
3.1637
3.2424
0.70443
1.2673
3.791
-0.57272
-3.3489
-1.4637
-3.3373
-5.7624
-5.4782
-3.7775
-7.5774
-6.5011
-5.0694
-9.1274
-9.2065
-5.5414
-5.222
-7.9651
4.193
1.164
1.3931
2.4325
-0.32217
-1.5082
-0.91965
-2.5095
-5.0269
-2.563
-2.5708
-8.4161
-7.9664
-5.384
-7.6949
-7.6338
-4.216
-6.7877
-9.2219
-5.0148
-4.941
-6.5427
-6.5282
-0.94315
-3.4742
-4.5472
-0.59034
0.42873
-1.3176
1.3212
2.3858
1.0442
3.0543
5.4999
3.5985
2.3565
5.7208
6.262
2.9993
5.2233
1.5032
2.0562
4.9318
3.0603
1.764
4.9598
5.0926
3.032
6.0048
6.8849
4.3919
5.9937
9.3282
8.2571
6.5189
10.4687
8.3993
8.3648
10.7341
11.8371
7.4604
8.9514
11.5513
10.1745
7.5315
8.5771
8.8136
6.0832
7.6852
8.0084
5.4667
4.8283
8.1818
5.1086
3.9605
4.8849
6.2265
0.14098
2.6947
5.5532
2.0652
3.7881
1.7515
-0.55549
3.4671
1.5781
-2.33
-0.066076
-0.098183
-1.5479
-3.5093
-2.2352
-2.8668
-5.8335
-3.6359
-2.5086
-6.6904
-5.1488
-1.7622
-6.0289
-5.3929
-1.5528
-3.3072
-4.1568
-0.52676
1.0342
-2.0324
-1.4704
1.4697
-0.70271
0.8645
4.7583
2.5644
0.52415
3.9704
3.3512
0.52661
2.5621
5.0331
2.2746
5.9706
4.8656
3.4166
6.061
8.4559
5.5639
6.5252
8.5101
8.4532
7.1229
8.5404
8.4653
6.6007
7.6737
9.4667
5.6285
5.1382
8.0103
4.9962
3.3639
4.9088
3.1932
0.77742
1.8234
2.9605
-0.77907
-0.22679
1.7543
-0.76531
-2.218
3.2883
-0.29031
-2.4984
-1.1573
2.3124
-0.37422
-0.63062
2.6169
1.9633
1.4031
1.6853
-2.2237
-0.77105
0.45275
-3.0956
-1.9436
0.63002
-2.1282
-2.3619
-1.9215
-2.3993
-4.8033
-2.8158
-2.4917
-5.7857
-5.1904
-3.7951
-4.412
-6.9068
-1.9319
-3.8569
-6.2276
-3.4207
-2.2707
-5.6309
-4.0198
-1.309
-3.6179
-3.9448
-1.1052
1.2828
-3.7308
-3.7031
-0.18629
-2.3672
-1.5363
2.3348
0.7952
-2.986
0.074118
1.0495
0.18407
4.7318
1.3798
-0.40193
1.6854
0.74154
-2.569
-1.3255
-1.0264
-3.6202
-3.2293
-0.56308
-5.2364
-6.0336
-2.2112
-4.3753
-7.1486
-5.2654
-3.59
-5.5287
-4.4066
-1.1401
-3.6055
-4.2149
-0.70089
-0.75217
-1.4107
-0.083103
1.7581
-0.56806
0.43383
4.2156
1.2473
-0.30043
3.6732
3.9928
0.55388
3.3583
4.433
-10.9445
-5.8292
-7.8749
-10.1995
-6.6172
-4.4113
-8.6488
-7.2466
-3.9883
-7.2154
-8.0663
-2.819
-4.6178
-7.8984
-5.3664
-2.5797
-6.4148
-6.7639
-3.8818
-7.8956
-8.7077
-6.0563
-6.4822
-9.678
-6.8349
-6.2841
-9.3095
-8.7079
-6.6927
-9.8578
-9.8496
-7.2935
-9.4283
-11.3657
-9.1585
-8.4642
-10.6473
-8.1919
-7.477
-10.8217
-2.726
-0.34504
-4.8208
-3.2486
-0.58094
-3.9518
-2.2515
1.0996
-1.5598
-2.3869
0.55255
-0.17072
-3.3591
-0.84919
1.7289
-1.6729
-1.7663
1.1411
-0.66013
-2.1708
-0.31627
-0.91493
-3.8038
-2.1007
-0.23503
-2.5197
-3.9152
-0.77089
-2.2855
-4.9369
-2.3747
-2.7499
-5.8485
-3.0072
-1.064
-4.2391
-4.9117
-1.8354
-4.5378
-5.0468
3.6204
1.4889
0.027407
3.4797
0.12675
-1.9223
2.0426
-0.015755
-4.6968
-3.3906
-0.37455
-3.6292
-3.9793
-1.5924
-3.67
-5.4952
-1.4733
-2.618
-6.8759
-2.5692
-0.39336
-2.6785
-2.699
2.0172
-0.10289
-1.0928
1.063
2.2042
0.90393
3.3508
3.4653
3.152
3.3663
6.1741
3.3358
3.504
6.0055
4.587
0.81061
4.996
-4.5155
-7.0826
-4.378
-4.3008
-7.0758
-3.9043
-3.3432
-6.2951
-4.5589
-2.9004
-4.96
-7.5798
-6.2027
-6.2274
-9.5416
-7.866
-6.313
-11.7778
-10.7837
-9.5791
-11.274
-11.6303
-10.7472
-10.973
-13.4268
-12.3199
-10.944
-12.972
-11.9558
-8.3614
-11.1157
-13.7521
-8.6188
-8.3388
-10.3329
-7.2195
-5.5859
-9.4661
-6.8748
-3.3775
-1.2648
1.9505
2.6753
-0.54494
-0.14577
1.0621
-1.2185
-1.7222
2.1643
0.74462
-1.6057
1.3125
2.1827
-1.8556
-0.84723
1.5069
-0.97892
-2.1927
3.0796
1.5829
-3.3906
0.36064
2.8529
-2.1116
-0.28861
3.1964
0.89247
0.24211
2.3513
2.5116
-0.68502
2.1104
2.0691
0.11359
0.66905
2.6352
1.2101
-1.0615
2.4917
0.72227
4.7639
5.9734
3.8452
2.7103
5.2693
4.823
0.69726
4.0934
3.5925
0.80602
1.3145
2.6387
0.48225
-2.3374
-0.28117
-2.9905
-4.6314
-1.7996
-1.738
-5.0673
-4.5828
-1.2296
-4.6329
-6.2291
-2.0711
-2.063
-3.4863
-1.6642
1.3474
-2.9853
0.10379
4.2551
1.7105
2.3854
4.2406
3.7653
3.0072
4.8412
5.803
4.0313
4.7102
4.9801
1.2188
3.3124
3.5497
0.4335
0.37344
3.8899
0.56105
0.68779
1.8879
1.5588
-3.1414
0.0865
1.5296
-1.6492
-1.5243
2.4019
-0.81604
-1.7431
1.8788
0.59259
-2.1772
2.1878
3.7851
0.64402
0.76651
4.0631
2.3658
0.76319
6.1395
4.1255
1.6199
4.2249
5.791
2.835
4.1286
5.2592
3.0454
0.71409
7.8215
1.0324
-0.76321
3.0924
6.7382
8.1017
9.6638
5.9891
-0.52175
1.6233
5.7939
7.7619
9.6767
10.2127
2.1824
-0.5447
3.2904
6.264
6.3937
9.1684
7.1383
0.83937
-1.0913
3.8616
6.2247
6.9438
8.3795
4.7402
-0.86894
0.051349
4.2104
4.7983
6.2563
9.4942
0.73355
-2.2595
2.1911
6.7416
5.4957
9.8747
-10.8488
-7.7545
-0.79984
-2.262
-8.5988
-9.8913
-9.772
-10.9774
-7.2232
-1.3131
-3.5311
-8.8315
-8.6325
-8.2688
-7.8911
-1.4898
1.5761
-2.2796
-7.439
-5.774
-7.0513
-3.4848
4.0596
2.6785
-2.8447
-4.4755
-4.6135
-5.1378
-2.1756
4.5892
1.4671
-5.7895
-4.8492
-5.6017
-6.3952
-0.80535
-0.0085
-5.6351
-9.3406
-8.947
10.398
10.7374
9.7966
5.9825
5.8441
13.8835
13.6311
14.2808
11.6219
10.9385
5.17
9.5032
15.5065
15.8078
15.7365
13.0249
7.666
5.0761
10.6428
15.235
12.4518
10.737
8.9989
2.6789
3.1707
8.9862
10.6886
8.345
6.933
3.4189
0.0087674
5.0713
9.2348
10.1699
9.2626
7.2729
4.2253
2.4466
8.4132
11.438
-16.5697
-12.9314
-10.8443
-9.5046
-6.1842
-6.8435
-14.4526
-16.8579
-13.0253
-11.2762
-8.2628
-6.244
-9.8543
-15.2028
-12.9474
-10.2057
-10.0385
-5.7309
-3.4548
-10.4458
-13.7289
-10.3024
-8.8376
-6.7758
-2.3299
-3.693
-10.3795
-10.9698
-9.5254
-8.0545
-4.6879
-0.67464
-6.6811
-14.1903
-10.9006
-8.6815
-9.935
-5.3639
-3.6032
-11.6711
3.7083
7.0719
3.4846
0.91822
-0.84034
-4.4392
-3.6138
4.102
5.3798
1.3053
0.3447
-1.5929
-3.106
0.7297
7.6533
6.2208
1.8739
2.6962
-0.98343
-0.85875
6.1476
11.0517
7.222
3.6009
3.6155
0.087026
1.5442
9.2805
11.2326
6.426
3.8972
3.1729
-0.73944
3.3524
10.4592
8.2031
2.0752
2.1873
-0.56264
-2.1883
3.3175
-2.4949
-7.427
-3.8889
0.72124
0.60584
3.0777
2.4569
-5.5419
-7.4262
-0.90442
1.5023
2.1262
4.9937
1.2842
-5.2842
-4.6749
1.3523
3.3204
5.1105
5.6918
0.30411
-3.954
-0.33906
3.9279
5.2905
7.0576
6.1433
-1.2789
-3.4127
2.2994
4.0352
4.1509
5.0301
3.145
-4.8761
-3.3797
0.58577
2.2878
3.4825
-6.5591
-7.6156
-2.5761
1.7653
-1.4131
-7.8481
-9.1705
-9.3177
-9.6372
-3.3154
-0.38111
-7.7026
-11.1431
-10.9456
-10.9161
-9.6475
-3.2084
-4.8872
-8.9475
-11.5515
-9.7703
-11.1856
-5.4958
-1.9395
-2.5529
-8.5248
-8.6608
-8.1709
-7.4743
-1.3804
2.3133
-4.0405
-5.7932
-5.9782
-6.1806
-5.133
2.0789
0.8958
-5.3948
-7.1921
2.7403
-0.20678
1.2343
-1.8012
-6.2181
-4.3044
3.3136
3.3405
1.6754
2.0025
-1.9049
-4.846
0.85213
5.7335
4.4097
3.0754
1.7445
-5.0496
-5.2021
1.717
3.4868
0.70946
0.80441
-3.435
-7.5514
-5.7016
-0.74428
1.156
-1.0096
-1.7625
-7.7764
-9.5305
-4.8365
-1.1537
-2.1043
-1.1009
-3.3723
-8.7369
-8.608
-2.0469
-0.83166
-4.9298
-2.2006
0.29108
2.5816
7.3567
6.253
1.7437
-0.74257
2.5847
3.0813
6.9529
11.8015
7.1412
1.4144
1.7129
2.9858
4.6004
9.0983
8.6459
1.6402
-2.1678
2.165
0.8336
2.317
7.5597
3.2662
-2.2982
-4.6836
-3.5853
-1.9592
-0.19818
3.7372
-0.46018
-6.2125
-5.2628
-2.816
-2.6706
2.9486
4.6001
-7.5506
-2.1068
2.2797
0.67603
-0.39506
-1.8505
-5.5817
-4.5227
3.3936
6.0093
4.0878
2.6221
0.83825
-1.7593
2.7929
9.3937
9.8148
6.514
6.4623
3.4683
-0.30533
6.6664
12.2204
9.1397
6.7397
3.8475
-0.77917
0.18778
6.5046
9.5117
4.3669
1.3229
-0.97939
-4.2672
-2.5175
3.3267
3.9052
0.38434
-1.4773
-4.7732
2.3254
3.0488
-0.44413
-6.0704
-4.3153
-0.019974
0.88884
4.4698
4.7777
-1.1472
-3.8737
-0.58435
1.1102
4.1462
5.4367
5.025
-2.5679
-2.0555
0.0027545
0.58653
2.4971
5.8587
-0.53816
-5.3036
-4.8184
-1.6941
1.6871
1.7383
4.4572
-4.1254
-7.2508
-4.6819
-1.129
-1.5707
1.8691
1.1219
-5.4188
-7.5705
-2.8376
-0.29554
0.86216
0.14653
-4.8135
-2.5588
2.5583
4.8393
-1.9501
-4.2813
-5.1577
-6.9526
-2.3213
3.621
1.339
-3.7091
-3.4799
-3.9936
-5.0345
1.358
7.9386
3.6465
0.72428
0.51983
-1.4163
3.1537
9.5525
11.1192
6.6737
5.8302
5.9239
4.1041
8.7887
13.4307
12.802
5.9146
5.8605
2.3694
1.8694
6.9412
11.2423
5.338
-3.841
-0.12222
0.29726
1.4245
-0.46427
-5.093
-9.1186
-3.9523
-1.7198
-1.3889
1.0043
-1.7518
-8.4072
-9.7026
-4.185
-1.8169
-1.0993
-0.44575
-6.0239
-10.032
-6.579
-1.7208
-1.4781
1.7932
0.54072
-5.1548
-7.146
-2.7932
-0.2363
1.5515
3.7701
-0.41326
-6.3135
-6.3987
-1.5534
0.39756
1.9745
3.2776
-2.5075
-6.3019
4.4022
3.6796
-2.5588
-2.7885
-4.8465
-4.6196
1.7839
6.6382
2.906
-0.50887
-0.39236
-3.1889
-0.70049
5.1158
7.2287
1.58
1.11
-0.47364
-1.8279
0.44476
6.561
5.4766
0.72855
-0.9104
-1.8746
-3.8985
1.0334
6.3541
3.8249
-2.8883
-3.2712
-4.311
-5.0222
1.645
3.9453
-1.3329
-5.4977
-4.33
-5.5995
-2.9987
2.3359
-3.5448
-6.2887
1.2461
2.3093
1.4536
3.0944
-0.37159
-8.055
-7.2379
-0.68661
-0.0097237
-0.32959
0.099323
-5.788
-9.0214
-6.1047
-2.8745
-2.6149
-2.3639
-2.4809
-7.1963
-10.6355
-5.3086
-1.7303
-1.9749
0.63599
-3.5558
-7.891
-7.2235
-0.68817
0.59527
1.2334
2.5352
-2.3176
-5.5923
-4.1708
1.1024
1.8808
3.6284
-11.0538
-11.4048
-8.1751
-3.199
-6.3855
-10.0906
-9.7608
-10.9733
-10.9776
-4.1421
-0.91711
-6.826
-11.5818
-10.0134
-9.541
-8.475
-0.96835
-1.2841
-8.6132
-8.5637
-8.8259
-10.9607
-4.8955
0.49451
-4.6062
-8.5541
-9.4359
-9.1851
-8.7329
-3.3889
-0.81736
-7.0231
-11.2141
-9.941
-10.7613
-8.9785
-3.4333
-3.9035
-9.8618
-12.1921
4.9352
3.2496
4.5778
1.3055
-6.0782
-3.95
-0.28678
2.1297
0.39627
-0.49791
-4.064
-10.2067
-7.5872
-0.48344
0.63497
2.0794
0.16652
-4.568
-7.1563
-1.3247
2.6558
2.6299
3.587
3.1599
-2.7288
-2.2501
3.8948
7.0126
5.6987
7.8472
4.2147
-1.5982
2.6683
7.52
8.3202
8.0681
5.9873
0.92076
-2.5063
2.5661
6.0272
0.53141
1.571
1.2179
2.8142
8.4133
12.6992
5.8861
1.7855
3.4561
3.2775
5.4129
9.0511
10.3347
2.2166
0.0072226
0.38287
0.3908
2.9825
8.2706
3.0179
-2.1511
-4.5151
-2.5944
-3.8064
1.9364
5.1643
-1.5129
-3.5646
-3.673
-4.2529
-2.0438
3.7241
5.4621
0.047134
-3.302
0.41481
-0.12525
1.4751
9.1621
0.38789
-1.7281
4.4894
8.4463
5.6935
5.8529
1.655
-2.709
-1.3214
5.6923
4.6913
4.8346
5.421
-0.16599
-5.2067
-0.38977
5.5182
5.0864
4.5131
3.3746
-2.8255
-3.9491
3.7921
5.6968
4.692
5.648
2.6884
-3.7765
-1.1791
5.7304
7.6928
5.6982
6.2741
1.4911
-1.9566
3.3693
8.4777
7.3955
7.287
6.0072
0.52313
4.0062
9.7807
6.7987
-0.44844
-1.0025
1.0615
-0.24556
8.0969
10.362
5.219
-0.35084
0.64474
0.34634
3.1959
7.4132
8.1922
-0.46971
0.90253
-0.30595
0.10212
4.4075
9.2541
4.9945
0.48657
0.64397
0.84751
1.7888
6.0851
9.627
2.5708
-0.90568
-1.2486
0.19726
2.6102
8.5295
8.3939
1.8641
-1.2849
-0.0070473
-1.0825
-2.8753
-6.0541
-13.1609
-13.6273
-7.7399
-5.5178
-7.1691
-6.5201
-11.6326
-17.2103
-13.4259
-7.4237
-5.079
-7.1197
-6.3277
-11.2961
-14.5342
-9.3658
-1.718
-2.2287
-2.5
-0.96136
-8.8574
-8.8728
-3.5565
0.81494
0.065251
1.074
-1.7736
-6.8521
-6.4532
-0.33414
1.8846
0.83816
0.32772
-5.6062
-11.3299
-4.9154
-1.3393
0.52758
-1.2642
0.18166
0.7937
3.6482
8.5952
5.0789
0.5041
-0.87706
-1.2441
-1.8532
3.1734
5.8396
0.52575
-5.8871
-3.8387
-5.5219
-4.3651
1.3365
0.82121
-5.4472
-6.7023
-8.036
-8.2152
-4.1524
1.5453
-0.71461
-7.4841
-6.52
-5.0696
-5.3073
1.3458
4.8925
0.060854
-3.8136
-2.2318
-2.8699
-0.44079
7.1417
7.7311
3.0596
7.2465
11.7642
10.4953
12.7834
10.8813
4.1062
1.13
7.1299
8.4912
7.0007
7.4271
2.8113
-1.3917
-2.5967
2.9975
4.0042
3.1382
3.6411
0.081
-5.3257
-2.4515
3.2447
4.145
4.6212
4.5799
-1.5409
-3.2798
4.7997
7.585
7.956
9.5524
8.3835
2.7712
3.1221
8.4335
12.3318
11.7647
12.2926
7.2376
0.4469
6.7881
8.3797
2.2242
-1.2478
-2.2077
-2.4847
-0.67046
6.0102
3.8795
-3.4767
-4.7228
-3.6874
-5.4004
-1.1321
3.8885
0.60442
-4.2288
-4.7674
-5.2023
-3.8461
3.6825
4.8066
0.16125
-1.6296
-2.3931
-1.227
2.4094
9.1929
7.9928
1.6519
0.62379
1.7493
0.21128
6.0981
10.1338
6.5335
-0.49553
0.57191
-0.42221
8.9284
12.6126
7.917
2.6461
2.9563
8.2478
9.4084
8.5175
9.1562
2.4903
-2.178
-0.30479
6.1773
5.6404
5.6376
2.6178
-4.0587
-5.7166
-2.3318
2.4594
3.4761
4.2916
-0.35512
-7.0785
-4.8042
1.5508
3.4536
4.4167
5.3381
0.68557
-3.4829
1.4894
5.2163
7.8943
9.0898
9.1778
2.3944
1.4449
6.9553
11.0364
-2.4479
-3.4467
-4.8766
-6.2784
-1.4806
2.9067
-0.35699
-4.4706
-3.9312
-8.3927
-5.94
0.091012
2.84
-1.3346
-2.4176
-4.9943
-6.5228
-2.1229
5.803
5.0843
-0.12285
-1.0962
-1.1245
-1.521
3.6015
8.9615
4.6892
-1.1472
1.1089
-1.6963
-1.0397
4.7254
6.719
0.61164
-1.6741
-3.3015
-5.5659
-1.6657
5.1266
3.8127
-9.9229
-5.5966
-1.6372
1.2356
2.2677
2.8419
-4.2922
-5.857
-2.2864
1.505
3.1737
4.487
2.5655
-5.9009
-4.749
0.89135
1.5416
4.5526
7.2884
1.046
-5.3235
-0.39216
2.6312
2.2512
5.3205
2.8122
-4.121
-6.3034
-1.8757
0.3643
1.5277
2.6631
-0.54516
-7.4976
-7.2621
-2.713
0.041131
-0.39141
2.5372
-2.333
-10.6605
-5.7854
-2.9966
-4.6871
-8.8486
-10.7054
-13.9398
-10.3574
-3.687
-3.4803
-6.7678
-7.2259
-10.071
-11.9955
-4.5568
0.97716
-1.2423
-3.8383
-4.2747
-7.0634
-7.7599
0.82415
2.9698
0.58721
-1.66
-3.1803
-7.5053
-4.5165
2.7141
3.5137
-0.62694
-3.1354
-5.5945
-7.7461
-3.7136
2.3681
-0.31562
-4.7737
-7.1791
-11.1877
4.3351
8.9524
5.6588
-0.6084
-2.7295
1.7417
1.8858
6.5861
9.67
2.9361
-2.3868
-0.70395
1.9421
2.8531
6.594
5.5283
1.6404
-2.3351
1.0957
1.9362
3.9363
7.0163
6.179
-0.50039
-2.3458
1.9267
3.078
6.1635
9.358
4.5518
-0.68094
1.0012
3.7475
3.8196
7.6594
9.0991
1.4854
-1.12
2.308
3.1771
-2.7838
-3.0108
-6.1008
-12.2695
-7.1627
-1.0684
-1.8251
-4.4513
-4.5307
-9.3277
-11.3393
-6.0023
0.14598
-3.7626
-5.6489
-6.4529
-11.7103
-11.479
-3.7678
-1.9931
-4.8788
-5.4857
-8.5167
-12.9965
-7.0705
-0.93921
-1.8503
-5.1937
-4.9468
-7.9802
-9.7376
-4.269
0.15116
-3.1265
-2.4059
-4.0758
-9.0252
-9.4267
-2.0977
-0.38138
-5.6304
-6.0927
-5.3648
-4.8694
0.45104
3.8236
-2.1454
-8.7556
-6.3907
-4.0503
-3.4076
1.7301
2.6431
-4.9161
-6.7005
-5.9483
-4.9837
-2.4357
2.4993
1.1828
-6.2016
-5.59
-3.4046
-3.4239
0.69631
4.1683
-1.2412
-4.5277
-3.9621
-3.5169
-1.582
2.293
3.8506
-2.875
-6.714
-3.9912
-4.0084
-1.1044
5.0112
1.2976
-2.6144
2.4005
3.5796
1.165
5.3234
5.9429
-5.3745
-11.7465
-1.5179
4.6236
-1.2681
-2.3268
-1.2037
-4.6257
-10.1869
-5.1753
-0.37758
-0.19838
-4.2914
-9.9718
-9.4151
-2.1607
-1.2815
-1.2077
4.7833
3.7868
-5.5076
-9.1883
0.54657
6.8773
3.4786
2.054
5.4201
1.4113
-2.1778
2.7657
6.7713
6.9557
3.4104
-1.7945
-3.9746
1.6045
8.9297
3.4506
-4.5262
-4.8208
-1.79
-1.3688
0.19472
1.2104
0.72143
-3.2023
-8.9673
-7.2646
-0.52141
7.3488
2.4104
-0.39493
2.7935
1.9501
-4.7548
3.9349
14.204
8.5159
1.1447
4.5369
8.773
9.2185
11.4827
12.213
13.106
7.5398
1.8306
2.311
9.8365
15.3614
8.098
3.3192
6.052
4.137
9.5523
7.3577
4.7633
0.3553
0.46444
-0.98253
-1.6356
3.295
10.3884
5.7598
-3.1921
-0.52105
8.1771
6.3665
3.7594
10.12
10.9907
1.5016
0.89469
7.8087
14.0717
13.9226
9.8461
7.1484
6.5474
7.0105
5.5727
11.3023
16.9116
13.4811
1.6275
4.9295
11.7428
8.5292
6.7554
11.8221
8.8197
0.092792
-1.5039
7.9257
-2.6838
-1.1863
-3.4691
-9.5634
-9.3021
0.92753
7.0793
-3.9533
-6.0794
-2.8506
-6.1799
-8.7362
-2.2171
4.1248
2.568
-2.5708
-7.0464
-4.1033
0.072882
-0.32101
0.19716
0.5873
1.8829
-6.2655
-6.0413
6.0037
8.3539
0.9842
-1.8282
0.087158
-5.4369
-7.2909
0.55737
6.2553
3.0804
-3.3854
-6.44
-4.052
-0.0067633
0.40339
7.5448
-3.0257
-0.16777
6.4013
4.0403
5.7577
8.8601
8.1411
1.8037
-1.2427
2.7216
8.9726
10.492
4.8492
-0.66907
2.7932
1.3291
-0.75801
5.9046
13.0933
5.0267
-6.2588
-3.1826
1.1847
-0.63026
2.6794
5.1248
3.2405
-1.2353
-3.0745
0.88011
7.0147
7.6304
1.4301
-3.2502
0.72394
0.32397
-0.78468
6.3408
12.9008
-0.25347
-2.4372
-3.0332
0.72691
3.5504
6.4671
0.55199
-9.922
-5.768
2.9805
0.94322
-1.0657
6.6381
3.1447
-6.8545
-5.2688
2.6499
4.6329
-0.85613
-0.20435
-0.73667
-1.4969
-2.1571
1.4007
6.4543
8.0373
0.80397
-7.3373
-2.7747
3.6246
2.4695
2.7891
7.6823
4.8924
-5.896
-4.5588
4.7458
5.2724
0.74005
-0.13145
-15.4078
-12.4604
-2.9293
-0.22641
-7.4747
-8.1057
-2.31
-8.2563
-10.6533
-1.6007
2.8827
-4.0022
-9.7648
-8.2685
-5.1292
-4.2825
-0.054068
-0.16551
-0.64967
-4.4718
-10.3174
-9.3949
-0.66947
3.0352
-4.7382
-5.4123
-2.4955
-8.1227
-8.987
-1.7878
3.3214
-4.3209
-12.0204
-9.8876
-8.1803
-5.7912
-4.0569
-1.9593
-2.1717
-7.0255
5.6904
3.0324
5.0324
12.095
6.0351
-5.66
-2.8465
3.9506
6.6434
7.6813
4.4263
2.2643
0.8017
-3.382
-2.7926
2.0834
6.7535
-1.4236
-10.2491
-2.2958
0.40981
-3.7248
-0.76392
3.7711
-1.4478
-12.3126
-8.5445
-3.1194
1.4998
2.1317
2.0851
-0.82314
-1.7675
-2.1873
-2.8746
2.745
9.0755
1.3729
-4.7727
1.3084
4.6787
8.374
4.3947
2.1265
0.16298
0.055807
1.7803
2.2335
5.2252
6.5992
3.5331
-6.6687
-2.1901
8.0469
6.6778
1.7059
4.7664
5.9285
-4.5381
-4.1278
3.174
10.3305
5.3757
2.254
-0.2114
0.3452
2.512
1.7628
4.1768
7.0112
1.8193
-5.7418
-3.9903
6.9931
6.6369
0.99382
3.0065
2.9288
-5.1096
-6.4142
-4.1407
-3.8213
-4.9402
-7.3223
-12.4946
-11.5756
-1.2741
3.3642
-4.4692
-9.4651
-3.9737
-4.9074
-9.9968
-2.4598
4.7227
-0.22503
-5.8049
-5.0853
-1.4166
2.1094
1.8521
1.7595
-0.36214
-2.2206
-6.5523
-6.6441
3.9337
7.3369
-1.3271
-5.3072
-2.8978
-3.9881
-10.5964
-1.8993
3.9289
-2.2056
-8.372
-8.487
-5.5302
-4.1296
10.656
3.7722
-6.7272
-2.5506
2.9253
-0.57344
-0.5405
6.4116
4.9956
-3.1737
-3.6529
1.9446
7.3487
4.9988
2.937
-0.019174
-1.1107
0.49521
1.6391
6.8929
13.3408
6.6225
-3.5831
-0.53598
5.7923
3.4647
2.5066
9.3948
7.4116
-2.6149
-2.2959
5.3074
6.8091
6.0578
2.8768
-1.1792
-2.3334
-0.71751
-2.0785
3.4405
-2.0578
1.7117
-6.807
-9.4296
-0.042617
4.1897
1.5215
-5.3506
-6.1262
-5.7541
-4.6032
-2.2048
2.421
4.6021
4.0466
-4.5596
-4.2448
4.7934
8.6579
3.2755
4.8594
7.925
0.84183
-1.8003
8.138
13.4519
10.4091
3.4018
1.0141
0.67856
1.8876
5.1223
5.9847
7.7799
4.6016
-5.6527
-6.4404
2.8263
3.1764
-4.2679
2.874
0.17136
2.6445
4.2535
6.2737
6.9608
6.2497
4.1361
-0.31498
-2.7291
5.0774
10.8676
3.1986
-3.7791
1.7631
1.2333
-3.0236
2.638
11.9385
7.5751
-1.9039
-2.1335
1.5173
2.4335
4.8654
7.941
6.505
6.5065
1.8374
0.20544
8.1935
13.8878
9.3528
2.404
5.4711
6.8223
2.1953
7.7818
16.2423
12.2408
1.1106
0.144
0.4269
5.5531
9.5473
7.4898
-0.20277
-0.97107
6.7293
4.8401
5.5114
13.9484
13.964
4.2209
-0.35713
8.0956
13.8686
11.2421
13.4781
13.3353
10.9887
7.7204
8.4602
12.9167
17.414
14.7353
4.4562
3.2309
9.3051
8.0033
7.4038
14.3974
13.9269
2.0648
-3.994
4.4256
7.3951
4.8426
6.7785
5.4676
-7.5032
-1.4232
2.4569
0.87072
2.155
5.6329
-0.97112
-9.0958
-1.8177
7.4507
3.5105
-0.9773
1.1536
2.1839
-2.0363
0.17267
6.5548
8.2188
4.8335
-3.4086
-5.4274
1.8958
6.8997
3.6447
4.4596
7.9299
1.2876
-7.6556
-1.2505
8.3959
3.2672
-0.73967
2.2583
0.63294
-3.89
-1.7879
3.7633
5.35
1.3203
-4.7273
-11.0295
-8.1346
2.587
2.6594
-6.3027
-7.0309
-2.1098
-5.311
-5.0401
2.2867
5.9114
-1.9379
-7.1574
-6.3512
-3.9231
3.1754
3.4159
1.5972
-0.54229
-0.43766
-5.6672
-5.6119
6.2295
6.8419
-3.158
-4.2045
0.53
-1.9072
-4.0803
3.4583
5.3117
-2.0274
-6.5443
-7.482
-4.049
2.4279
0.37339
-1.6942
-0.39209
-4.8207
4.3691
-1.3162
1.4076
7.1123
1.1982
-7.9467
-6.6101
2.2046
4.9707
2.4282
4.0153
1.259
-0.25292
-0.68978
-2.6616
6.047
8.9576
1.5901
-5.4869
2.736
7.0475
2.9315
4.043
9.0081
3.8847
-5.3271
-2.572
2.3312
6.519
5.416
3.8143
0.42865
0.059763
-3.4433
-3.5311
2.9366
7.2034
0.10282
-7.6255
-1.4042
1.4749
3.7531
1.0047
-0.42192
0.12442
-4.155
-4.6975
-1.9154
3.7794
5.3346
0.76181
-4.5511
-2.2308
6.5162
8.1235
4.5601
8.4371
10.3586
-1.6268
-3.1036
8.8043
11.6291
8.3026
7.7873
6.7217
2.6672
0.67313
2.4333
7.6352
8.5899
2.3613
-4.1701
-1.0552
6.5516
4.3066
-1.1971
4.6476
2.4879
-8.9257
-10.2636
-3.7725
1.1249
0.45748
-5.485
-8.7788
-8.3386
-3.4536
-0.34142
-3.6057
-3.4418
-4.461
-9.8879
-15.7347
-5.97
1.7926
-0.53082
-7.737
-5.737
-5.409
-9.3725
-5.5091
2.0399
2.2978
-3.6787
-7.8076
-4.4566
0.92176
2.7773
0.9205
0.49804
0.69881
-5.0315
-9.9559
-0.83308
8.8601
3.3643
-3.3541
-1.3456
-2.5558
-6.9766
-1.6063
-1.93
-3.8566
-5.5012
-8.5345
-10.7439
-6.0349
3.2752
3.8309
-7.3131
-9.1913
-3.2059
-6.2617
-8.5609
0.90242
3.9568
-6.0013
-9.9051
-5.4913
-0.37646
0.43378
1.3897
0.17373
-1.5488
-4.4086
-6.7689
-1.6514
6.4684
5.2916
-3.5718
-4.0774
-0.26413
-2.6674
-5.34
2.6099
5.3992
-5.4605
-9.3414
-4.3025
-1.4808
10.3027
11.7867
7.033
2.0373
4.0808
7.2737
4.7629
8.1573
14.6792
6.0712
-2.5733
2.1993
9.9885
8.2874
4.8781
7.7392
3.7366
-2.5459
-3.3312
2.2706
7.0852
7.466
1.4759
-3.8694
-0.1945
-1.1261
-3.0769
0.72957
6.0729
0.64146
-8.9874
-3.6238
5.9464
5.4484
2.2354
3.4035
3.4469
-3.1259
-1.6812
3.9338
7.5684
11.6236
10.3718
1.2232
0.67198
10.4367
13.7403
7.0933
8.2919
9.9754
3.8461
0.99279
9.7951
17.8841
15.0466
9.0561
7.6404
8.4402
8.0445
11.0576
12.0305
14.7485
12.1073
5.4789
3.112
14.9716
16.6705
8.948
7.4252
10.3041
3.5625
0.39909
7.2261
14.7342
12.1768
7.4436
4.1317
2.7925
4.5992
5.9584
8.5146
3.5919
5.9744
4.7744
-0.92255
4.3706
15.5405
13.1823
2.953
1.5258
5.2879
0.11829
1.2323
6.5841
5.6388
-0.65129
-4.4575
-5.7701
-0.31421
3.1147
0.019236
-5.2033
-4.8691
-6.1879
-10.8347
-5.6514
3.9727
2.6538
-6.3206
-6.4307
-3.8599
-4.3737
-3.6342
4.7887
5.8167
1.6744
-1.1798
-1.2927
3.7776
10.5401
9.2238
0.50733
-6.406
-0.6825
-1.5479
-2.5588
1.7969
7.6476
0.14768
-7.361
-3.6532
0.10976
-0.59222
0.41442
-0.41581
-3.2576
-5.445
-7.6166
-4.8395
4.6222
7.5632
-2.4889
-7.2572
-2.5314
-1.6469
-4.1306
1.1032
7.9341
1.7878
-6.5967
-2.4902
1.5438
3.4816
3.494
1.8065
-0.97871
-2.3049
-4.3427
-0.61553
6.267
6.6424
4.4188
-6.3899
-7.6895
1.8588
1.1213
-2.5272
-0.40435
1.1427
-5.7127
-7.2749
-0.75523
5.8285
4.2037
1.2598
-3.4328
-2.3934
0.47451
-1.5868
1.7572
10.1933
6.995
-2.8897
-3.9253
4.7756
6.4956
2.0772
1.9446
3.669
-2.2232
-4.3413
2.5522
8.5331
6.2208
2.5297
-3.4256
-5.7655
-1.9265
-2.3731
-1.4286
-5.3991
-0.32681
-4.0863
-11.7024
-4.002
6.4532
4.4239
-3.0269
-1.7809
-3.0917
-5.1697
-2.3261
3.7482
6.8905
5.1629
-3.3206
-4.5234
0.052649
4.5219
1.6938
-0.45384
2.793
-0.65009
-7.5253
-2.174
7.8188
5.4067
-1.129
-4.1621
-2.373
-5.8492
-4.9999
1.5177
3.7563
1.5229
-5.8565
-10.23
-3.3826
1.2681
-3.1428
6.1004
3.8329
6.9912
4.2735
0.52227
9.4251
15.6078
9.174
-0.043427
1.6447
3.3389
3.4577
3.8437
6.0675
4.5009
1.258
-2.4151
-3.8056
6.6503
7.843
0.42246
-2.8799
2.7453
-2.0818
-4.0996
4.94
13.0095
6.1379
-0.31858
0.56291
3.0996
3.8676
7.4853
7.7794
8.703
7.3946
2.8713
2.7634
13.7082
14.0248
2.6483
-8.6083
-7.5414
-1.196
-3.0152
-5.1738
3.3955
4.3104
-3.8141
-7.4768
-2.1918
1.4491
3.3952
1.1238
-3.0224
-2.5061
-2.2099
-5.398
-0.89688
7.6943
3.3375
-6.702
-5.9949
-3.3204
-3.3479
-5.1073
2.5408
3.653
-6.1185
-7.4179
-5.7209
-0.47127
1.4071
-0.81204
-5.9273
-4.8791
-6.0745
-7.9123
-4.5729
4.7721
2.3928
-2.5881
-13.994
-8.1235
0.1455
-3.5018
-4.146
-0.55646
-3.0136
-7.8112
-7.1042
-1.5607
2.7479
2.0606
-4.2535
-7.6312
-6.4873
-5.2293
-6.1058
-1.1398
4.7957
-2.8052
-11.8402
-8.0374
-1.5799
-3.7937
-6.7356
-4.0483
-5.7239
-11.5093
-9.9918
-3.5213
-0.36899
-0.81993
-7.3708
-11.4745
-9.2194
-7.7904
-8.0992
-4.3659
4.8586
6.7638
-3.5963
-5.4071
2.7418
9.394
4.2931
1.7727
1.0667
-1.8838
-3.5609
0.46778
7.5329
9.5037
8.2329
0.83767
0.17025
6.94
7.2942
5.7818
9.7293
11.9395
5.3865
0.39296
10.391
17.7606
9.5813
6.603
6.732
3.916
1.8689
5.896
9.9374
13.0829
7.516
-0.037692
-1.6137
4.1628
4.1725
1.4954
-3.0858
0.45844
0.46925
-7.0588
-5.5072
8.3041
7.9666
0.29104
-4.4722
-2.3322
-2.8512
-2.6857
1.0482
3.0269
2.6207
-3.0509
-8.5963
-3.5372
3.5724
1.7841
-5.2065
-3.9806
-2.4662
-9.1292
-8.7666
2.1533
3.5225
-2.9303
-6.7498
-5.2788
-6.6036
-5.465
-1.8309
1.7078
1.0906
-4.6432
-8.0137
-5.2529
2.6095
2.4744
4.3958
-2.5507
1.2104
1.2159
-3.8228
0.86741
11.6747
9.0315
-1.0805
-2.4413
0.24852
1.1399
-0.21478
2.277
0.15125
-1.1026
-6.9805
-7.5423
-0.62931
5.1033
-1.5431
-7.9493
-6.8343
-5.7559
-10.6688
-4.3795
5.1301
1.0644
-7.9642
-7.7271
-3.3255
-3.8566
-2.5581
0.82589
0.85239
-1.4532
-4.6523
-4.698
4.2962
10.2971
11.1968
3.0094
-2.6694
1.6349
2.7205
-0.75763
5.0708
11.2295
4.8788
-3.6054
-0.041605
6.5635
6.2862
5.1723
5.4218
2.8331
2.6864
-1.4257
1.5017
10.0102
11.9799
3.5088
-2.4117
3.334
3.7933
-0.82766
4.7159
12.8944
5.3554
-3.0486
2.2793
6.198
7.0779
5.4812
6.0306
2.4194
0.56836
-1.9054
1.4907
12.1344
7.7941
4.9883
-4.5496
-6.4792
2.1155
0.97738
-3.3769
3.8042
6.13
-2.5557
-5.8815
3.3117
9.0777
6.6768
4.9068
2.9896
0.68947
0.63345
0.23357
4.9544
11.2385
10.2142
-1.2786
-2.2261
3.9242
3.9041
-0.20115
3.8291
5.8232
-3.1161
-8.0366
0.39373
5.4815
3.0025
0.52465
-2.8774
-5.1203
-4.7798
-3.7041
0.70129
3.5116
4.4106
1.0347
-8.5776
-4.8931
4.3107
0.93451
-4.3223
-0.29086
-1.6347
-11.3823
-10.6453
-0.10046
3.2648
-2.1553
-5.4027
-6.6583
-8.4069
-6.7487
-4.0529
1.2463
3.2391
-3.1554
-10.1206
-6.7787
2.5722
-0.80126
-2.4716
2.9669
-0.24608
-8.5586
-6.9568
3.5177
7.3354
2.4266
-0.70495
-2.0297
-2.8827
-3.6494
-0.13519
0.81319
2.6003
3.2549
-2.9753
-6.1485
1.5529
10.0526
3.826
-0.94283
4.8794
-0.13607
-7.8876
-1.5063
8.8556
7.8783
-0.44596
-1.0962
-1.9633
-3.083
-1.7377
0.26239
1.6855
0.80289
-6.0018
-8.9119
-3.3631
4.8502
-0.18223
-4.2396
-2.7823
-4.4888
-11.4362
-6.179
6.8702
4.1482
-2.5901
-4.084
-3.6566
-4.0162
-2.5237
4.3805
7.5986
5.4602
2.7636
-1.8007
-2.1742
6.2466
9.2289
4.1397
0.31891
4.0849
-2.4537
-8.5337
0.062479
10.2309
3.8524
-3.6952
-2.6648
-1.4483
-0.81289
0.74086
2.2057
3.7878
-0.9917
-5.6988
-1.7515
5.8273
9.5616
3.2315
1.2149
4.4482
-1.0394
-5.4599
5.03
13.185
6.2156
0.34374
2.3361
3.0567
1.1526
-10.7102
-7.7191
-5.2547
-10.2562
-15.4187
-16.6085
-12.1239
-6.3693
-4.5954
-11.9793
-13.7202
-10.2882
-16.5448
-17.2961
-6.8816
-3.3698
-13.2281
-17.2013
-8.7496
-8.956
-10.8101
-6.5164
-4.8381
-9.8053
-12.7267
-15.0139
-9.0245
-0.31099
-2.1874
-8.6703
-8.3011
-7.664
-12.6094
-13.482
-3.7841
-0.53246
-8.6907
-14.346
-9.3119
-7.4165
-7.263
-9.1568
-4.036
-3.1045
-10.9281
-15.794
-12.341
-5.7861
-2.0671
-4.4586
-9.5834
-8.2918
-8.782
-11.8533
-9.5133
-0.5399
-1.8805
-12.304
-13.3057
-4.6214
-3.7746
-7.0015
-2.4954
-1.8819
-10.2564
-14.8757
-11.0457
-5.8656
-0.66787
-2.6469
-7.9455
-8.9999
-6.8661
-11.2802
-9.9395
-0.74506
-1.8089
-13.0854
-14.8681
-5.4264
5.4849
3.6127
2.0811
8.6863
5.1491
-3.3904
-5.0147
2.2144
6.4885
6.732
4.9
0.52584
1.6034
0.65612
0.5156
4.6225
10.6222
4.3912
-5.1032
-1.4929
7.1438
5.097
3.0429
7.1155
6.1489
-4.9013
-5.0537
1.95
5.2149
6.0332
2.9204
0.65212
1.0544
1.8679
-2.4661
2.9537
8.0216
3.1736
-6.3683
-2.5598
-3.2986
3.9036
-0.46266
-1.7746
4.4523
-0.7693
-11.2204
-7.524
2.0395
1.555
-0.62856
-0.77554
-1.9586
-2.545
-2.7487
1.0565
4.4367
6.2115
-1.4182
-8.6694
-0.61603
7.015
4.8923
2.6235
10.197
3.548
-5.6608
-1.6655
5.8765
7.9988
4.505
4.1204
1.3745
0.16747
0.99201
2.025
4.1797
4.7368
-0.28272
-10.2422
-9.4544
-3.2336
1.8969
-1.4226
0.12602
1.8833
-5.6847
-13.7142
-5.2757
3.3131
-2.6538
-7.0681
-2.6878
-6.8482
-8.749
-6.598
-1.9357
0.44668
-4.2086
-9.4827
-11.3451
-4.6628
-0.18901
-2.1834
-0.58827
3.1492
-5.5843
-12.0559
-4.9076
5.0032
1.2342
-1.7895
-0.73156
-1.1013
-4.7347
-0.71313
2.4284
3.7505
0.64498
-6.2822
-7.3526
-5.1441
-2.5113
0.47768
-0.022972
1.7354
1.909
-7.2821
-11.0287
-1.2126
4.3984
-2.8395
-4.598
0.39722
-2.0357
-7.4123
0.21359
7.8074
5.6931
-0.2323
-2.7439
-2.2506
2.3952
5.2945
4.7178
7.2236
6.0265
-1.6722
-6.1699
4.5051
8.9731
3.3815
-0.42519
2.7717
-0.5121
-4.4038
2.2882
6.2803
3.3825
-3.1621
-3.5642
-1.8524
-0.45525
0.35946
2.5277
7.7936
5.1987
2.0216
-4.0779
-3.8902
6.0623
8.3124
0.89179
0.45562
3.3434
-0.44612
-3.0767
6.112
12.9566
3.5471
-1.4057
-0.32678
0.44551
1.7273
6.5951
10.3076
8.2902
3.4482
-2.7156
-1.3479
7.731
7.8945
1.7828
1.584
4.4646
-0.91058
-2.6548
6.6686
11.8434
4.8364
-6.45
-6.5163
-3.2984
-4.7511
-5.9082
1.7797
6.5277
0.3473
-5.5929
-5.2492
-2.9473
1.2087
1.3074
-3.5771
-2.6546
-4.2609
-9.4738
-9.2198
1.9299
2.0154
-9.1423
-12.1215
-9.5218
-10.4305
-12.1875
-4.4273
-1.7016
-6.4671
-11.7607
-11.6382
-9.3142
-5.2908
-5.1418
-8.76
-7.4444
-5.9793
-11.3079
-7.7242
2.4099
5.3955
11.0235
-0.066535
-0.96965
2.6616
-0.23886
-1.3847
8.5602
9.1123
-0.29167
-5.8814
-0.77103
-0.0081807
0.81174
2.069
1.2199
-0.29576
-5.7118
-5.96
0.15655
6.8195
5.3098
-3.9922
-3.7777
0.42715
-3.6962
-2.4564
8.2951
8.6795
0.72279
-3.1002
3.1687
5.7034
5.1693
6.4469
4.8108
4.576
1.9908
-0.076473
4.8801
12.5217
7.3682
4.2397
-0.91351
-1.0173
-2.093
-4.047
-1.039
9.3074
7.4061
-3.8593
-5.2121
2.4666
0.83482
-1.3919
4.0844
4.1759
-2.5627
-6.1353
-1.2103
5.2
8.2766
3.9583
-0.37932
-0.66466
-0.93247
-4.679
-1.2264
8.8145
8.4536
-3.3499
-3.8162
3.2237
0.26667
-1.1008
4.5187
6.3807
-3.0701
-3.9175
-0.53218
3.6935
3.3562
0.71379
2.6271
1.0658
-1.9199
-6.8943
-2.4279
3.3435
7.9075
4.6805
-2.4001
0.045188
5.4916
0.98505
0.70838
10.0257
8.7802
-2.4019
-4.399
5.1386
7.9599
5.4816
5.9385
4.1025
-1.278
-2.7156
-1.7188
3.0462
7.0226
5.0238
-2.9887
-2.2733
3.806
-1.058
-0.92522
6.4164
3.3894
-7.8595
-6.8038
0.89649
10.9336
8.5618
8.2589
12.8276
8.2328
-0.096095
-0.48749
4.6906
10.0492
8.3632
5.6315
1.9466
0.56891
0.42496
-0.68942
4.4912
7.2452
0.99679
-7.6176
-3.2925
4.6482
3.8207
1.2367
6.5294
4.8577
-5.7318
-5.7231
1.0001
6.4266
5.9822
5.6979
3.5641
2.5608
4.1568
1.679
6.6468
12.7901
8.2769
-2.0916
2.2181
-4.6956
-0.26671
-0.94612
-0.027909
6.7965
1.2031
-11.1284
-6.2113
4.7221
3.1464
0.87782
4.1737
3.7348
-2.9535
-4.633
1.2865
5.0121
4.3268
-0.26676
-6.8795
-1.9002
1.9629
-1.0097
0.81057
6.2543
0.058729
-11.0386
-6.6285
1.2071
2.9953
-2.2979
-0.15376
0.026511
-6.6889
-8.7331
-1.9266
1.8463
1.8928
-3.2946
-7.1525
-1.5028
-4.5296
-3.5771
-2.3911
2.3485
2.7001
-5.8523
-12.7757
-9.2914
-1.1031
-4.9261
-3.6251
2.4804
-1.2451
-12.2084
-9.8078
0.83826
0.30314
-3.0351
-5.1466
-4.226
-5.5599
-4.0908
0.44331
4.5913
5.2321
-2.2341
-7.9313
-4.1295
2.192
1.3926
0.96635
6.9127
3.1414
-7.0903
-4.4379
3.9027
3.5267
-0.2914
0.37867
5.0634
3.8663
-5.4109
-1.704
6.7782
7.9858
3.8207
0.046456
-3.1547
-1.5997
1.6779
3.8233
6.7614
10.9358
3.2208
-4.1911
1.1838
8.4897
5.9005
3.7695
7.3712
6.505
-2.1465
0.55906
10.1857
10.775
5.4298
2.1454
1.7307
1.9249
3.6275
3.8792
7.3493
9.4976
2.0374
-5.1986
-1.0605
7.1217
3.4228
-0.4404
-4.1432
0.72518
-5.3508
-11.445
-5.591
4.1024
0.66046
-4.251
-1.8904
-4.1299
-9.694
-7.4956
2.3589
4.3955
0.32124
-4.0711
-8.478
-7.1317
-6.1118
-5.7911
-4.6392
-1.3641
-7.6645
-17.086
-9.5058
-2.8954
-3.7248
-10.2814
-8.5642
-8.5879
-14.7037
-12.467
-3.2232
-0.42617
-4.8557
-9.3791
-12.1426
-9.3198
-6.12
-6.1158
3.5648
5.3897
2.0179
-0.92511
-5.0015
0.039529
5.7666
2.4685
1.7333
4.4444
0.53161
-8.4275
-1.6887
9.4245
8.0996
1.6106
1.3772
2.1441
-3.7065
-3.1348
2.5255
6.8063
3.777
-2.2156
-4.2266
-0.51867
3.799
-0.019725
-0.39236
2.84
-2.8042
-8.8658
-4.1258
7.7877
4.6629
-1.2806
1.4499
-1.3244
-6.4386
-4.7152
-7.8903
4.3542
3.2235
-4.8096
-2.3554
-1.4083
-4.3162
-3.4849
0.68917
2.3342
0.51484
-5.4423
-6.6803
-1.1962
5.9623
1.9214
0.76616
3.4658
-0.083035
-8.3637
-4.889
7.1353
7.1675
-1.0059
-2.1438
0.044107
-3.9301
-2.9724
2.5536
2.61
0.35785
-4.638
-8.201
-2.6758
3.9897
1.0089
-2.8383
1.1416
-3.0066
-13.4758
-12.5372
-5.5686
3.7769
-0.88115
-2.4013
2.0168
-0.46515
-9.8922
-6.7213
4.5459
2.9117
-4.3498
-5.2738
-3.0597
-5.18
-3.6717
-0.36692
1.5325
-1.2416
-8.3279
-12.357
-6.5115
-1.1906
-3.6989
-5.9364
-1.6039
-5.6892
-14.2614
-11.9002
-0.86216
-1.0091
-7.5961
-8.7609
-5.3669
-8.2972
-6.5972
-0.65471
0.4622
-2.1077
-8.0124
-4.0832
-2.2075
-2.6169
-2.4716
2.0744
5.2093
3.8564
-4.203
-8.3875
-5.1993
3.3547
1.3886
-1.972
1.0913
0.1897
-7.1656
-5.3406
4.8148
6.3728
-3.0992
-5.6059
-3.554
-3.8049
-2.8675
3.777
5.1587
2.6393
-2.3215
-6.5802
-2.813
3.0295
3.3816
-1.1901
2.6601
1.6673
-5.8276
-3.8544
9.3328
6.6651
-2.1441
-2.8659
-0.84761
-3.4159
-7.1502
-6.4647
5.4285
7.19
1.2743
-6.1646
-3.5774
-2.7906
-3.1279
-0.76353
4.0668
3.7524
-5.8678
-8.3268
-1.3702
3.0131
-0.53768
-2.4921
-2.5602
-5.06
-7.0952
-6.3802
3.7103
5.0216
-0.45198
-6.6171
-5.7686
-5.3422
-4.6327
-1.3599
3.5049
2.4707
-5.867
-8.3172
-2.7317
2.9313
-0.23835
1.6213
7.6622
7.1347
-1.7846
-4.5763
2.2097
8.5147
5.3356
1.7673
3.2564
1.6848
-5.0265
-4.2222
5.8134
9.5662
4.3889
-1.9304
-1.0322
-0.98251
0.22555
1.5217
6.4345
6.1083
-1.6786
-5.0435
1.8421
8.5389
6.7036
4.982
3.7971
0.058138
-4.1133
-1.8199
6.7692
11.2809
6.1186
0.24964
0.29946
3.0911
1.9248
0.72491
6.4987
10.7523
7.1632
1.7715
1.9927
5.5241
4.2204
5.5569
8.2231
7.3903
-1.2723
-5.3848
1.8489
7.8232
6.9001
5.8117
4.7752
1.759
-3.871
-2.7125
6.2398
10.3955
3.9955
-0.13098
1.8289
3.5772
2.689
4.4682
8.5876
8.4384
0.23256
-3.5731
3.0563
9.4643
8.9547
5.3744
6.6076
4.7231
-0.744
-4.5181
0.32046
4.9307
4.7189
5.0068
6.3407
4.7851
-2.0692
-2.0355
5.0061
7.8335
2.441
-1.9221
-2.0022
-0.081504
-0.71821
0.68203
6.9688
4.2138
-5.2014
-9.5409
-4.2902
0.18402
1.2348
0.4992
1.576
-0.45832
-5.765
-6.68
1.1131
5.037
0.59379
-3.7661
-3.255
-0.25107
-0.27761
2.6078
8.0696
7.8643
-1.5576
-0.49303
-0.55429
1.4198
-1.6267
2.5961
10.2197
11.253
2.2015
-5.2073
0.16749
3.9933
3.9805
4.0991
5.257
3.5809
-3.2443
-2.3867
5.818
8.6114
3.9329
-1.5383
0.37306
0.52775
-1.1832
3.0883
9.9957
10.66
1.3187
-3.0733
1.3721
6.8777
3.1574
4.169
5.9048
2.5138
-0.99597
-2.2788
6.7437
11.0286
5.4087
0.62831
4.0031
1.7485
-4.1949
-3.6809
4.8264
10.4167
5.4284
2.367
3.6335
2.0919
-1.2219
1.3169
10.3839
13.2243
3.2154
0.016312
2.8464
7.0195
5.749
4.2255
8.2027
6.7195
-0.14243
-1.4806
6.0258
10.8369
7.128
1.6625
1.494
0.47145
-3.6062
-1.2519
6.6797
8.6572
1.1419
-5.2086
-1.8085
2.0892
1.0329
-7.4509
1.6833
3.4275
-2.9884
-8.9101
-4.0587
-2.3495
-4.3902
-3.2901
0.49583
-2.356
-11.7382
-12.3453
-3.3398
0.62386
-2.9374
-5.8227
-4.3125
-7.8144
-11.4678
-9.3143
-1.6744
0.9599
-7.4346
-10.8307
-7.6959
-4.4989
-4.5845
-4.4163
-1.0038
-3.3699
-10.8083
-12.4871
-4.5726
1.1268
-0.43647
-3.1821
-4.4128
-4.941
-10.0137
-4.7339
2.2243
7.8816
4.9948
6.4804
6.7469
2.9048
-2.6851
-1.2613
7.6551
7.735
1.1723
-3.4703
-0.37373
-0.4354
0.19533
0.75191
6.0889
2.0583
-6.6127
-9.118
-3.1418
2.485
0.60739
1.5281
2.5114
-1.2562
-7.5172
-4.6512
4.4462
5.8583
-1.1254
-4.4673
-1.607
1.56
-0.0036583
4.4035
9.4094
6.2825
-3.1038
-5.5549
-4.4827
-4.9146
-6.7028
-0.22861
9.2818
5.5255
-4.8504
-5.143
-1.031
3.5456
1.5872
6.0222
8.0876
3.6588
-3.7308
-1.96
7.021
8.5885
2.1193
-0.72909
0.70353
-0.58483
-2.2595
1.8631
7.6103
3.9262
-5.7684
-8.9
-3.3691
-2.427
-3.0795
-0.79817
2.0335
-4.9868
-9.5693
-7.5656
0.99194
1.2477
-4.7512
-0.90285
3.6488
-1.6392
-8.9012
-5.6461
0.79328
2.806
-0.0012947
-1.6467
-0.88745
-5.6683
-6.8944
-0.69758
8.3739
6.3525
-2.4609
-3.3309
0.30725
-1.9406
-1.4622
3.3632
5.5441
-0.3087
-7.4027
-3.9498
2.7941
3.9065
-1.0604
-1.4288
-2.0559
-5.8864
-9.3279
-0.64271
4.244
3.9214
-4.6157
-6.0874
-5.579
-4.4036
-4.8977
-5.5941
4.5339
1.3077
-3.5875
-3.0587
-2.7352
-5.6007
-5.3456
0.54456
3.9745
-2.0669
-7.7391
-5.1988
0.39383
-0.11492
0.30994
0.92256
1.4458
-7.8951
-10.466
-5.2518
3.1452
0.98907
-3.3726
-3.8298
-3.8397
-6.7267
-7.8093
0.23723
3.7142
-2.3567
-9.2414
-5.6978
0.82259
-0.75821
-1.2066
0.83793
0.4656
-7.4204
-11.2465
0.001308
3.557
3.6875
5.3814
10.6622
9.1526
1.7596
-4.5335
1.2508
7.3101
5.5963
5.4475
5.9493
4.7456
-1.1035
0.50169
8.247
10.7688
4.4028
-0.26566
2.1012
4.7621
3.6408
6.5024
11.7607
9.7644
0.51476
-2.8058
2.9052
7.4873
8.1916
4.9786
7.8599
6.0863
-0.39449
0.43495
8.6709
12.2249
4.4232
-0.93996
7.4935
4.0474
-1.8781
-2.084
3.9201
8.1713
2.8218
-0.47312
1.7968
-1.4915
-4.0427
0.99638
9.5564
8.2852
0.36954
-5.4274
-1.5665
1.0641
-0.44302
2.3455
6.2604
2.1188
-6.0382
-3.7392
4.6064
6.5112
3.5347
-1.1787
-0.4378
-1.7871
-2.3981
0.5854
8.9148
7.4532
0.57946
-2.9423
0.20758
2.6135
2.7093
3.7213
10.2383
9.586
3.706
1.0788
2.9119
0.87988
-0.72416
5.279
8.9045
2.9149
-3.9404
-2.7706
2.9461
5.1907
3.5097
4.8303
3.3176
-0.54891
-5.4422
0.11055
9.5924
10.0117
3.1198
1.2988
2.0801
0.64044
0.65249
4.924
10.7545
6.0092
-0.14759
0.32067
6.2031
8.3047
7.6997
6.4664
7.1661
-0.989
-4.1414
2.7671
5.2093
4.6265
4.383
9.0701
10.961
2.4076
-2.7761
1.4165
8.561
8.9815
7.7103
9.6751
8.1766
1.568
0.075724
8.0159
12.4489
8.1152
0.58477
3.0303
5.4448
4.6767
5.6433
9.395
10.4783
1.9286
-3.3248
0.85568
7.9671
7.4721
6.6699
6.9861
6.4434
1.0541
-1.6159
5.507
12.4207
6.7074
0.072346
2.2752
0.34755
-7.9136
-10.0248
-3.3097
2.3505
-2.4772
-3.5403
-3.3203
-4.4678
-6.8074
-1.6181
5.5869
5.3088
1.3382
-4.9629
-2.2874
2.3251
1.723
5.0461
9.0557
8.6606
-0.546
-0.33296
5.376
8.9452
6.0882
3.3464
5.2175
1.7414
-0.10064
1.8456
10.3357
9.1217
-0.36278
-4.3555
-3.7041
-1.8948
-2.0685
-0.47664
3.3396
0.23026
-5.5175
-7.4855
-7.3213
-9.3233
-11.7723
-4.9821
0.72316
-2.1723
-10.3564
-10.4277
-6.5465
-5.8958
-7.4608
-5.6347
-3.4122
-9.4041
-15.344
-10.1438
-2.0977
-1.0269
-6.135
-8.3471
-7.8958
-11.3865
-12.0588
-7.1476
1.2555
-2.1847
-9.3158
-11.5476
-6.0796
-4.9836
-6.2412
-3.9424
-3.3253
-8.6198
-13.2975
-8.2719
0.0063492
-2.9587
-1.3292
5.7093
8.7275
0.12288
-4.9346
-3.4883
3.0676
4.8443
3.8705
5.7602
4.5402
-3.447
-6.389
1.8741
7.2517
4.8958
0.26092
1.7541
1.585
-2.1937
-1.961
6.2322
7.172
-2.8672
-7.5065
-2.6873
1.7081
1.5399
1.2464
4.0965
1.7384
-5.0592
-9.1569
-1.3842
5.6701
4.3677
0.19938
-0.85774
1.0867
-7.1851
-10.1902
-5.4132
-2.2314
-4.2729
-2.0898
0.26618
-3.8925
-10.1739
-7.4006
0.33771
2.7174
-4.0968
-5.5582
-2.7957
-4.1385
-6.3656
-2.3998
4.4588
2.7729
-4.3436
-9.8704
-3.2916
-0.44353
-1.3293
1.906
2.566
-2.3022
-6.8227
-5.2382
2.6086
3.3551
-2.4922
-5.226
-3.3984
-5.7496
-4.8304
-0.82995
5.2599
2.2836
4.8782
7.721
6.9123
-0.41199
-4.7082
3.7545
10.677
8.8409
0.94464
0.54047
-0.45839
-2.9187
-3.0601
3.9567
7.2855
2.0888
-2.5985
-1.218
4.3626
4.5879
3.7699
5.6297
6.078
0.38239
-1.6971
4.4017
13.116
10.6916
5.2818
5.776
4.0675
0.97411
3.247
11.8619
14.7879
8.5588
2.4113
4.2354
8.6379
7.471
-6.3078
3.54
5.7727
2.9118
-0.46886
-0.30572
-0.46529
-3.7234
0.29126
6.1101
4.6425
-3.4193
-5.8649
-0.10132
2.8019
1.5174
3.4798
3.6362
-0.88457
-8.2198
-6.3842
3.4901
4.6634
0.72102
-1.8801
0.26924
-2.606
-6.1825
-1.3247
3.9562
2.5157
-5.6155
-7.2408
-2.1123
1.0949
0.59544
2.159
3.2557
-0.10617
-9.0071
2.9834
3.8614
1.2069
1.493
9.7779
13.5653
8.3319
-1.6097
-0.58811
3.5924
5.0627
4.756
7.5862
7.87
1.7728
-3.1033
1.2625
7.8232
6.3602
1.5267
0.83465
1.745
-1.9941
0.25633
7.6553
10.8397
4.9864
-2.6798
-3.0367
1.3122
2.561
5.1309
8.1703
9.2908
1.2104
-3.383
3.1228
10.512
7.1895
3.9705
3.0926
3.0758
-4.3479
-7.433
-3.1009
-2.9324
-2.4075
-1.1555
3.3818
-0.23986
-7.7371
-4.7979
1.9061
5.8906
1.1117
-0.90668
-1.6444
-2.0386
-7.0924
-2.913
7.2535
6.1713
-1.6371
-4.2042
-2.2326
-2.5509
-2.7339
-0.88395
3.0995
-1.6534
-8.8409
-7.7273
-0.85964
3.5744
-2.0466
-3.7575
-2.2136
-7.7793
-8.6957
-4.9822
3.469
1.3462
4.1904
9.3846
7.4727
-0.99055
-5.9101
-0.88906
6.0145
5.4256
3.669
4.3432
0.12696
-3.803
-5.3443
2.1734
5.9255
1.6108
-4.7529
-2.246
-0.48576
-1.2648
-0.20679
4.5365
4.4721
-3.0646
-9.4812
-2.9741
4.4821
4.6344
2.0164
2.8298
1.926
-3.5332
-3.9982
4.6956
8.2059
4.39
-1.656
-0.77424
1.1933
-7.7766
-10.7306
-2.6195
-0.96389
-2.9532
-1.7759
-1.0614
-3.6332
-9.9426
-4.0152
3.3182
2.4293
-2.9675
-5.5913
-2.7367
-4.1275
-3.5229
1.2229
7.2089
2.0209
-7.3873
-8.163
-1.3605
-0.66501
-2.7649
-0.50962
2.4972
-3.4226
-7.9726
-4.1645
4.2979
3.0654
-3.2459
-6.3518
-6.1315
-6.1397
-6.1887
-0.58759
6.0308
-5.2614
-3.8457
-2.1347
-4.4376
-12.8323
-14.7864
-6.7474
0.52131
-2.513
-5.7245
-7.2551
-9.0688
-11.9447
-9.992
-1.6539
0.65339
-6.6705
-11.0086
-5.8899
-2.2937
-3.11
-2.3493
0.95862
-1.4536
-7.4787
-9.7831
-1.2937
5.41
1.5828
-2.5886
-3.4296
-3.7655
-9.2594
-6.2663
1.6005
3.2907
-5.1346
-8.7629
-6.7244
-3.2982
-6.2322
-3.9845
3.4186
4.5678
1.5384
2.4339
4.4536
-2.9198
-3.8896
1.6253
8.6201
2.7809
-2.5057
-3.276
0.25187
-0.88136
0.33759
6.5584
7.6487
-1.4743
-9.1028
-6.9139
2.2212
4.1456
1.2605
3.6828
1.9607
-2.5297
-7.0736
2.0827
6.451
2.3655
-3.9032
-2.3547
-0.59886
0.060406
1.8203
5.3313
7.5627
0.52564
4.495
6.8316
1.6126
-3.9005
0.62165
8.1045
11.1792
5.302
3.6268
2.6855
0.88467
1.8735
5.0614
14.2819
12.1568
3.9946
0.78243
4.5993
7.3391
6.0749
8.327
8.68
5.0514
-0.94389
2.8732
10.5999
10.9887
4.8352
1.7437
1.6462
-0.37486
-0.83869
4.0896
10.2222
8.9543
-1.3251
-3.5241
2.3248
3.2808
1.9364
1.1825
7.1698
5.8231
3.8001
3.8887
-0.85073
-6.354
-5.7825
2.6554
5.3253
0.55734
-5.4829
-2.1312
0.20548
-1.2124
-0.029447
4.1796
2.2797
-7.1272
-9.8625
-2.3847
3.6189
3.1604
1.4654
3.1836
0.73749
-4.2504
-1.9353
5.0877
7.5197
2.5727
-1.0905
1.5572
3.2447
1.9863
4.0478
7.9906
6.9906
-3.057
-4.6539
4.1708
-2.7053
-7.1209
-2.012
4.4299
1.5909
-3.8008
-4.4011
-4.4578
-6.6556
-5.1537
2.514
5.7181
-0.56063
-8.8703
-7.3865
-3.014
-1.584
-1.7017
2.1965
3.0238
-3.7416
-6.3805
-0.37579
6.1575
4.7058
-1.2314
-1.872
0.22572
-1.7842
-0.16391
7.2469
11.112
2.5196
-3.7854
-3.6424
1.6457
2.0894
0.97863
4.4286
7.2998
4.4128
3.0706
3.5093
-1.2538
-5.6857
-0.5093
8.3461
5.8283
0.28839
-0.6683
1.0181
-0.60276
-1.8519
3.6835
7.6741
2.9348
-3.3985
-0.71973
5.4554
9.1237
6.7793
5.6359
5.0485
0.58991
-2.8939
5.4627
11.8301
12.7131
5.1306
1.6657
4.6682
4.5607
3.8139
6.2902
11.0905
5.0614
-2.2153
-1.1854
5.692
-7.7659
-7.2293
0.2449
3.58
0.60388
-1.225
-0.13896
-2.6197
-4.8048
-1.5862
4.9767
3.6153
-3.7532
-6.9166
-2.1007
-1.4328
-0.76449
2.7706
6.4641
1.3443
-6.7863
-6.6355
0.97094
3.5628
-1.0817
0.0095805
0.75282
-1.6873
-4.7663
-0.70323
5.5224
4.165
-4.179
-6.4077
-3.025
-0.021604
-0.82532
2.5894
6.1015
1.5201
-0.67971
4.1276
5.1579
2.0628
0.84447
5.7079
6.9384
1.5439
-0.38908
2.8227
3.5019
0.12244
-0.51
2.0298
4.1431
-1.0256
-2.4091
1.8592
2.945
-2.6974
-3.896
0.14505
2.1358
-3.0038
-3.2801
2.3354
3.3929
-0.81007
-2.5943
1.0549
2.1862
-1.9025
-1.8636
4.538
5.4866
1.166
-0.04451
4.7857
5.6341
0.25572
3.987
8.7724
2.9207
1.2498
5.99
6.6013
1.7556
-0.48192
2.9056
3.7471
0.73338
-0.62112
2.5797
5.695
1.2317
-0.92912
2.0379
1.7977
-2.5653
-4.783
-0.47634
1.5248
-1.1974
-2.6769
1.1888
3.7652
-1.6513
-3.993
0.34737
1.9707
-0.99556
-3.1649
3.9668
5.3213
1.9833
-1.2997
3.1952
5.8426
1.4094
0.24642
3.2132
-1.722
-4.471
-0.24173
1.6332
-1.6573
-6.9234
-1.2349
0.16407
0.45322
-3.8539
1.5271
3.4845
-0.61007
-3.6037
-1.4101
0.96429
-2.4505
-4.7921
1.4576
3.8524
0.11283
-3.0871
0.76855
2.7443
-1.8672
-4.2076
-1.0718
1.8687
-0.63272
-2.7076
0.88581
3.3023
-0.33197
-4.29
-1.6013
0.9823
-2.181
-5.0413
0.55026
-0.62567
-7.063
-3.133
0.40453
-3.4121
-6.9739
-4.2183
1.3695
-1.1914
-3.479
-0.81134
1.8671
-2.054
-6.742
-3.3549
0.47234
-1.388
-5.6907
0.25729
3.4436
-0.33457
-5.8942
-2.3422
1.2171
-2.575
-6.3747
-2.2972
0.72416
-1.6552
-4.5055
-1.0128
0.9979
-2.1923
-5.8125
-3.4852
-0.44871
-3.7114
-4.9585
-3.8826
1.7945
1.1886
2.3549
5.6226
3.7503
1.2258
4.9899
7.9078
5.9397
0.47886
2.2081
5.829
1.8666
-2.3993
0.97172
4.0494
1.9479
-2.2489
0.1615
3.8327
1.3518
-4.8646
-1.7963
2.4229
-0.62792
-3.6264
-0.55853
6.0709
0.75394
-1.6717
0.66428
3.2422
1.3608
-1.2157
1.2216
7.2012
4.8052
0.55888
4.3705
8.1296
7.0053
-0.036733
3.3592
1.5053
-2.2389
-0.67557
3.4212
-0.7473
-5.7344
-5.3383
-1.1485
-3.3365
-8.4677
-4.8523
-0.52112
-2.1486
-5.3832
-4.1812
-0.83204
-2.8078
-6.3367
-4.6211
0.91491
-1.4482
-3.6391
0.13818
4.5161
1.3181
-1.8456
0.52686
4.9739
2.2783
-0.32749
1.897
7.844
6.2367
2.0499
3.213
6.3292
3.7022
-2.3164
4.7145
1.9653
-2.3796
0.96914
2.8321
0.27069
-3.9337
-2.5476
1.6827
1.2686
-2.1407
0.8398
5.7462
3.889
-1.0508
1.2393
6.1598
4.1061
-0.52536
3.4167
7.57
7.6115
2.9208
5.3827
8.0003
6.0209
0.5253
3.0616
5.8401
5.0535
0.82375
3.9581
8.5869
4.3164
-0.24726
1.8869
5.0656
2.4095
-1.9383
-0.79161
5.977
1.0663
2.0945
6.3365
3.8165
0.06422
0.81002
6.5891
4.3445
0.95335
4.3032
6.9335
3.7004
-1.2223
0.0058409
4.9282
3.4307
-0.1061
2.6722
6.743
5.5409
0.30546
2.1952
5.0187
3.685
-1.9954
1.3375
6.6056
5.6017
1.7395
3.7432
7.555
3.9802
-0.3223
2.0466
5.8053
4.6205
-0.029857
5.0607
7.2668
-2.7256
-0.46491
3.8618
0.78313
-1.3749
0.95021
4.6007
2.2553
-2.1237
-0.40171
3.3119
-0.33171
-4.4823
-0.8574
4.9384
2.4741
-0.48856
2.9193
6.608
4.1661
-0.59474
0.73832
6.1812
4.0134
0.42422
2.5444
8.5239
5.6905
0.63093
4.2005
6.187
2.4243
-1.064
1.7675
7.3632
2.8573
0.38224
3.1802
5.7801
2.0742
-0.096546
3.9013
0.78696
-1.7231
0.74261
4.5195
0.13841
-2.797
-2.477
2.7848
-0.6314
-4.2083
-1.2461
2.9686
-0.15458
-2.7483
-1.4379
1.715
-1.8436
-5.995
-2.0401
2.2373
-0.18497
-1.3314
0.42493
2.996
0.56335
-3.1603
-2.0077
2.402
0.45563
-2.6152
-0.19459
4.2476
2.3366
-2.193
0.29993
4.2434
1.3991
-3.3603
8.7656
5.8435
2.4133
4.6455
6.8338
4.4226
0.83153
2.6863
6.2943
2.8104
0.2733
4.3732
7.7419
2.7438
-0.59615
0.75158
4.8375
2.0368
-0.86213
2.9196
5.5997
4.4664
0.8747
3.3849
6.8592
2.2359
-0.43208
2.577
6.9384
3.8426
0.26955
4.6329
8.4948
4.0936
1.2803
4.2786
5.8812
4.7934
0.79059
4.3186
4.5406
1.5737
4.9472
6.9436
2.5459
1.5203
4.6844
7.6931
5.4023
3.7371
5.9644
7.8047
4.0884
1.8379
3.6448
6.997
4.9105
2.7889
7.9596
10.6458
5.1093
1.9227
5.0768
7.8665
3.5905
1.7291
4.5348
8.4122
5.1189
2.8796
6.0653
7.8791
3.2317
0.3749
4.9212
6.1709
2.8561
2.8366
6.2824
9.1316
-3.2634
1.346
1.6671
-2.5386
-4.3667
0.53093
3.2798
-2.4618
-5.1195
-2.3518
0.88611
-3.697
-4.9282
-1.8108
3.7582
-0.078576
-1.2109
2.205
4.8589
-0.52475
-2.0241
3.7032
6.0701
3.3364
2.2528
7.0145
10.0372
4.5253
1.8292
5.5005
5.7487
2.6093
0.0088321
5.3492
7.8336
2.7852
0.14461
5.1062
5.0873
-0.54748
-0.47112
1.6422
-3.1557
-3.8142
0.49133
0.67646
-4.1942
-4.9392
-1.7959
-0.71614
-5.618
-5.7012
1.8765
0.13663
-3.9371
-4.9768
-1.2916
-2.1395
-6.8293
-6.9574
-2.5158
-0.16137
-3.8612
-5.8913
-0.55037
0.2204
-5.8775
-6.044
-3.7545
-0.53121
-6.5289
-5.1241
-0.85263
0.93095
-4.8053
-4.3114
-1.3544
-1.7333
-5.4199
-6.4181
-0.020839
-5.6469
-4.4839
-0.96563
-2.6204
-7.8579
-6.7143
-2.5461
-2.2263
-5.956
-5.3026
-1.1222
-2.909
-8.0935
-5.5849
-1.7844
-1.2601
-5.8437
-2.3573
2.3661
4.1365
-0.84257
-0.45572
4.8875
2.9435
-1.0852
-0.38122
4.6884
3.9514
-0.46736
0.87769
4.5773
3.777
-1.6052
-2.3459
2.8684
0.77887
-5.1723
-2.8038
1.4442
0.6259
1.0051
6.6495
5.6343
1.0822
4.5427
8.2287
6.4773
3.4418
4.6584
7.6174
5.3985
1.5718
2.8204
8.3132
7.1805
3.4401
6.3853
10.3633
7.0907
2.5755
3.4451
6.7932
5.021
0.89657
4.2778
8.2631
7.5219
0.76465
4.0885
7.7052
4.4178
1.2338
2.0464
6.483
5.5963
2.0285
3.5387
8.0564
4.8009
-2.9013
1.4428
-1.8037
-4.1513
-0.82303
2.9805
-0.86172
-4.404
-1.8952
0.35057
-1.3288
-4.4405
0.69769
2.1399
1.6738
-2.2073
1.1995
2.2473
-0.082837
-3.5338
-1.5209
2.8184
-0.48077
-2.3953
0.77251
2.1483
-1.9224
-5.4961
-1.8386
-0.098431
-3.0231
-6.1029
-2.4374
2.0439
-2.1211
-3.886
-1.3414
0.77197
-5.7076
-6.7718
4.6252
-1.056
-2.2108
3.6946
2.39
-2.7795
-2.8643
0.96058
1.9564
-1.3096
-4.1566
2.034
2.179
-2.8002
-5.2752
-1.678
-0.2505
-4.2629
-5.663
1.4773
2.3122
-2.4872
-3.2802
0.26088
1.8198
-3.6705
-4.3299
0.34443
2.6222
-1.4196
-2.6343
2.7804
4.1527
-0.66535
-1.5679
2.5654
3.3667
-1.5492
-2.392
3.5616
-2.7372
-3.2289
1.7902
-1.6043
-5.2576
-1.9077
1.324
1.6035
-3.8218
-1.8616
0.59486
-0.15172
-5.3041
-3.4296
2.3945
0.88751
-2.0355
-1.3832
3.1502
0.59554
-4.603
-3.3138
0.84193
1.0153
-4.6444
-2.6466
2.2354
2.7592
-3.8119
-2.1218
2.2551
-0.036891
-4.6714
-2.6502
0.61856
1.3358
-4.1306
-2.2231
1.942
1.8214
-3.5754
0.98893
-2.4117
-4.7606
-1.3408
3.2781
-1.3746
-5.6033
-2.7169
0.71866
-0.57538
-4.9569
-0.18394
3.1894
1.6488
-1.4505
0.13683
3.1813
-1.112
-4.8107
-0.80402
2.0832
1.4369
-1.7654
1.1967
4.7355
0.31652
-3.9404
-1.7559
2.0348
-1.5328
-5.1322
-0.70913
3.2667
-0.064977
-4.0012
-1.0141
0.84505
-3.4079
-8.698
3.25
1.018
-2.6887
3.3424
3.0394
-0.41237
-1.5268
3.3588
6.8081
2.9589
2.2755
7.921
8.4288
1.7387
0.61144
4.7195
6.3577
0.62476
0.74421
5.1526
6.1143
0.90825
-1.2051
2.1585
2.8642
-3.6828
-5.0064
-0.3401
3.3435
-3.3521
-4.3296
0.77976
1.9479
-4.5753
-5.7362
-1.3835
-0.724
-4.0674
-5.6477
3.1137
-2.0169
-0.37124
4.6786
1.2884
-2.4341
0.53717
5.4474
3.7902
-0.91246
1.1465
3.0053
2.4483
-2.1733
-1.1943
5.0679
2.715
0.72147
2.2283
6.8883
4.2256
0.86138
0.3414
5.1264
5.0469
2.3423
3.764
7.0208
6.8313
1.4657
2.6726
7.0111
2.9263
-0.9725
-0.36096
5.1189
4.2628
-0.17064
1.2642
6.4808
2.7846
0.60522
3.8325
0.42214
-2.5345
1.6066
3.2419
-1.4441
-4.1683
0.22006
3.3689
-3.2861
-3.4394
-0.20917
3.4008
-0.46937
-3.0599
0.50048
1.9692
-2.7219
-4.8407
0.50957
3.3871
1.0623
-1.9501
2.1593
4.9228
0.43421
-2.767
1.6464
3.6097
-0.40009
-1.8908
2.1513
5.4724
1.327
-0.41697
2.2205
4.2544
0.16932
-2.3133
14.0513
9.7393
10.4985
14.8115
12.5405
7.4032
9.5827
14.7726
14.6255
9.7652
10.6861
15.4227
13.7786
6.0367
9.0295
11.2294
10.4091
6.8747
5.8503
10.1201
10.2552
4.6463
5.8104
9.9219
7.5058
3.0134
3.2343
9.0701
10.0288
5.791
5.801
11.3996
10.4529
5.7825
4.5297
11.8121
11.067
6.1948
8.0247
13.3218
-2.4418
1.4919
4.0076
1.3538
-1.3934
2.3043
6.9514
1.6306
-0.24425
2.5846
5.297
1.6944
-1.4741
3.0151
5.4844
2.6552
1.039
3.3545
5.5741
2.2851
-1.009
2.8685
5.0591
1.2953
-1.3179
2.8947
7.0789
2.3085
-0.63286
0.89207
4.5718
0.7028
-1.8021
1.9207
5.2299
0.14562
-1.7208
2.7617
5.5231
1.5105
4.4425
3.0689
-2.1908
-0.62048
2.5991
1.1898
-3.0333
-1.7815
2.7026
1.6451
-1.56
0.63573
6.7415
4.9642
-0.75022
1.2719
4.2333
4.62
0.05699
1.9039
8.3688
8.4459
4.733
4.7691
8.0858
7.0028
1.2446
2.4867
7.0638
6.7053
2.3468
2.7643
7.2199
6.1655
-0.040369
-0.04914
4.592
3.1641
-2.8977
-2.4615
-1.5916
-5.0276
-3.4018
1.2359
-3.1211
-5.5144
-0.9193
2.7205
-0.15356
-5.1889
0.51536
1.6697
-3.9154
-6.5367
-2.2777
0.23564
-3.2384
-4.545
-1.1178
2.1451
-2.6345
-6.2958
-2.9953
1.0427
-4.3196
-6.7364
-2.4179
1.5847
-2.0559
-4.4169
-0.33116
2.7781
-3.4547
-6.6164
-3.2656
1.817
-3.0928
-4.7443
-0.14955
4.4745
-4.7282
-0.042864
0.39963
-4.6339
-1.9805
1.2358
-0.30889
-5.7445
-3.5846
0.34481
-1.4275
-6.3483
-4.6214
1.4985
-0.63043
-4.6543
-3.1714
1.0852
-0.41476
-6.0058
-3.1874
1.6213
-0.72917
-5.4567
-2.0846
2.4703
2.2426
-5.2396
-3.1123
-0.25607
-0.57369
-5.7247
-3.3351
1.8279
1.2512
-2.7002
-2.5866
1.4783
0.35529
-5.2173
0.96652
-4.0071
-6.1125
-2.1323
-1.2646
-3.8067
-7.0389
-1.5376
0.22529
-5.4156
-5.284
-0.86901
-0.89527
-4.739
-7.9871
-4.634
-2.5059
-8.0916
-9.1042
-5.9397
-2.1203
-5.7766
-8.0134
-5.9126
-4.2531
-10.0669
-11.3632
-5.5761
-2.996
-7.4869
-8.0495
-4.6299
-2.3383
-6.7889
-9.5404
-4.7291
-4.1993
-6.1644
-8.0945
-2.4266
-3.5932
-3.1238
1.5309
-0.80467
-3.2446
-0.10403
3.4047
0.73905
-3.0881
-1.13
2.9877
-0.17999
-5.1562
-2.4524
2.4183
-0.56972
-4.0805
-0.048514
3.2287
-0.61255
-5.2646
-2.0365
0.56181
-0.78435
-4.6625
-1.0864
2.8767
-1.1826
-3.3629
-1.3957
1.6473
-0.26032
-6.0514
-1.752
1.874
0.38601
-3.9311
0.40061
2.8815
-0.62613
1.7126
1.2753
-2.3522
-3.1727
0.29933
-1.1899
-6.3708
-5.7875
-2.4745
-1.9409
-4.6487
-6.2033
0.48267
-0.38331
-6.3684
-6.4273
-2.4413
-3.8724
-5.9278
-5.148
0.35505
-0.78415
-3.1041
-4.076
2.1831
1.1693
-3.1793
-3.2524
2.5198
1.8968
-1.5963
-1.6608
5.112
4.4066
-0.98026
-0.5927
1.6418
1.8777
-4.2766
-3.3724
-0.86752
1.0528
-0.98939
0.14461
-0.47402
-1.1187
-0.44206
-0.33867
-0.9317
-0.04566
-0.68023
-1.1414
-1.1123
-0.88838
-0.047308
-1.2358
-2.6692
-1.141
-0.61189
-0.013317
-1.6431
-1.5795
-1.4609
-0.0019931
-0.73189
-0.14602
-0.10918
-1.0654
-0.25276
0.35818
0.45866
-0.023638
-0.66509
0.3893
0.43139
-0.31936
-0.30915
0.57272
0.39482
0.29177
0.28316
-0.061693
-0.62468
1.2495
-1.7488
-1.0047
-1.2547
-1.8476
-1.0561
-3.2442
-1.392
-0.36269
-1.2913
-1.1416
-0.13292
1.117
0.58751
1.6587
0.96768
1.0417
1.3258
1.4554
2.6245
3.4715
2.1915
3.6928
5.2361
3.6034
3.9294
3.3671
2.2125
2.521
2.8074
3.7093
2.3954
2.653
2.8474
1.0627
1.5496
0.98703
1.2409
1.6517
2.9497
2.1631
2.595
1.9222
3.516
1.5487
2.9174
4.4191
4.5038
4.2995
3.3584
4.155
4.1194
2.9115
3.2201
2.4278
1.2384
1.621
0.45322
0.19563
1.6209
-1.3683
-1.1448
-2.2464
-0.14115
-2.0106
-1.7702
-0.95962
-1.8416
-2.1857
-0.28637
-1.16
-0.99433
-1.8376
-0.34999
-0.30919
0.62793
0.826
2.4154
3.0739
3.0915
3.3675
2.2189
3.0725
4.3312
4.2203
4.3555
3.8021
3.9095
3.9644
4.1916
5.0875
3.8926
3.5475
3.3985
4.0116
3.759
3.0291
3.5201
1.3271
1.8582
1.6957
0.84938
0.80202
0.81442
1.6853
1.6124
2.1989
1.6576
0.47838
1.3577
1.1548
0.985
1.4769
0.73404
2.2226
2.0842
1.0758
-0.093351
0.22622
-0.10385
0.44244
1.1384
2.6779
2.6577
2.3262
3.0806
2.1824
2.2462
3.296
4.2586
3.6215
4.1928
3.3754
5.0101
3.0698
4.0455
3.2601
2.7853
2.3967
1.2767
0.75441
1.2876
0.22627
0.53097
-0.76432
-1.3905
-0.31581
-1.2609
-1.2628
-1.4875
-1.9481
-1.4003
-1.0557
-0.16967
-0.72695
-0.0023717
-1.0584
0.46961
0.80129
-1.5728
0.84073
-0.7226
-0.40532
0.54754
-0.87827
-0.45575
-0.59296
-0.71025
-0.77997
-0.67939
-1.4231
-1.4806
-0.49446
-1.0868
-0.85633
-0.1947
0.92292
0.036692
-0.68438
0.94172
0.51059
-0.083018
-1.5741
1.1025
-0.49453
-0.08118
0.21459
-0.085198
0.073095
0.11541
0.5729
-0.22999
1.3089
0.78701
-0.033174
1.0227
0.53636
3.929
2.9598
2.3473
1.6172
1.0273
1.3992
0.53791
0.98886
0.58355
0.25855
0.042135
-0.49236
-0.74062
-1.2605
-0.21825
-0.073999
-0.99966
0.69207
0.76093
0.30681
2.0635
1.7996
1.7839
2.5414
3.7575
2.2052
4.4802
5.1298
4.9356
5.0735
5.5899
6.4957
6.1798
5.7403
4.7783
4.9685
5.4461
6.3396
4.0809
4.389
-0.75922
0.74634
0.13654
0.13878
-1.4117
-0.55195
-0.29775
0.03039
0.78328
0.75434
1.4791
-0.0026819
2.5419
2.649
3.6449
3.4452
3.466
5.5263
4.3334
5.8823
5.2082
4.2981
4.4687
5.2865
4.1403
3.2942
2.5732
3.7799
5.0177
4.7155
3.7163
2.3963
2.9584
1.2313
0.80271
1.6512
0.54214
0.27284
0.51979
-0.32787
-4.5959
-3.5659
-3.392
-4.5059
-3.6433
-4.3768
-3.9614
-3.3028
-3.6521
-4.5139
-4.0865
-3.4049
-3.8634
-2.8738
-2.9288
-1.4824
-1.9649
-2.0234
-0.90845
-1.3112
-1.2851
-1.2434
-1.1087
-1.5666
-2.5378
-0.39408
-1.3078
-1.568
-2.0564
-1.7905
-2.6199
-1.0692
-1.7112
-2.0873
-2.3686
-2.3208
-2.7935
-3.9269
-3.3217
-2.5799
-3.7275
-3.402
-3.2216
-2.9495
-1.907
-4.2718
-2.3173
-3.1522
-3.2132
-2.2877
-3.4836
-2.7528
-2.4494
-3.3437
-2.6005
-2.8002
-1.9738
-1.3471
-2.5146
-2.776
-3.1573
-1.1472
-1.6662
-1.3282
-2.0656
-0.98213
-3.0847
-2.61
-3.1563
-1.6074
-1.8733
-3.088
-1.3631
-2.4854
-2.7583
-3.3465
-3.4188
-3.3567
-3.0421
-3.1286
3.7738
3.5945
3.478
4.3324
5.9338
4.6388
5.3033
3.6604
4.9788
4.4029
3.7085
5.8352
3.8592
3.997
4.9571
3.9529
3.6947
3.1446
3.0925
2.8235
2.1636
2.0271
2.5335
3.561
3.744
2.8627
3.7468
3.9579
3.5778
4.0291
4.0294
2.4051
2.8439
5.07
4.3097
3.9611
3.2255
2.2042
4.2148
5.0885
-0.93399
-1.3476
-0.31484
-0.50496
-0.78758
-0.74932
-0.53309
0.10906
-0.60769
-1.125
-0.048862
-1.8717
0.55134
-1.93
-1.781
-1.7973
-2.0296
-1.9167
-1.3501
-1.745
-1.8903
-2.6711
-2.7342
-2.9308
-1.3093
-2.4459
-2.1947
-2.4408
-2.9038
-1.5126
-1.5548
-1.6167
-1.8486
-1.2401
-0.64575
-1.3134
-1.6732
-0.70627
-1.6672
-1.3128
1.4801
1.4081
0.92412
4.0166
2.0989
2.9042
2.1621
3.164
1.2102
4.1859
3.4733
3.3411
3.534
4.4064
3.5178
3.0849
3.3741
4.9158
4.1961
4.4211
5.3671
3.6864
4.0301
2.7704
2.0471
3.201
3.5543
2.4743
1.5649
2.3535
1.4101
2.623
0.10466
1.7832
0.7888
1.1504
0.89692
2.0075
1.7418
2.5044
-1.1245
0.66945
0.24566
0.41052
0.44375
1.5528
-0.50261
1.345
-0.0021724
0.48127
0.56221
-0.28355
0.18245
-1.338
0.36666
-0.76312
-0.82076
-1.0717
0.18876
-0.13934
0.18906
0.04336
-0.41634
-0.16161
0.10143
0.57021
-0.61357
-0.20383
0.66376
0.043505
-0.24365
0.49268
1.0403
0.70972
0.15838
0.61078
1.3472
1.413
0.7022
1.2215
-2.7399
-2.8549
-3.1766
-2.8884
-2.9287
-2.3289
-2.7006
-3.8663
-3.1294
-4.1712
-2.8347
-3.8865
-3.0824
-4.8338
-3.0403
-1.9418
-3.8286
-2.1195
-3.7453
-2.0532
-1.8282
-3.2255
-3.621
-3.7679
-2.1889
-1.6086
-1.3431
-2.2111
-1.8156
-1.4058
-1.2488
-0.97445
-1.301
-2.5854
-3.1447
-2.3388
-1.3292
-2.8788
-2.2693
-1.8109
2.6214
2.3208
0.61287
3.2157
0.48994
0.92643
0.77435
-0.067101
1.0575
0.63987
-0.1012
-0.59228
-1.0136
-0.51097
-1.236
-0.78047
-0.067167
-1.7942
0.33354
-0.32354
0.74021
-0.82234
-1.5676
0.42559
-0.039815
1.869
-0.53868
-0.075984
1.6352
0.81247
1.3861
1.1152
1.5195
0.77399
1.5868
1.0013
0.43943
1.0224
3.2618
0.92824
-1.424
-1.0546
-1.2114
-2.0039
-2.7177
-1.8742
-2.4946
-1.5668
-0.91796
-3.2451
-3.4308
-3.4162
-1.4313
-2.7082
-2.5784
-1.1268
-1.7983
-3.2882
-1.9247
-1.9489
-1.374
-0.33591
-1.8621
0.5957
-0.34992
0.22215
1.0962
0.50537
0.49743
0.30183
0.40512
-0.12644
-0.89724
0.48247
0.65529
-0.26028
-0.40759
0.42869
-0.39655
-0.44026
-0.36739
-0.54141
-2.3033
-1.5807
-2.2841
-3.3862
-2.99
-2.4794
-3.7745
-3.9705
-3.0318
-3.3835
-4.8418
-2.0959
-2.7932
-2.4227
-3.9235
-2.4505
-1.8612
-2.1842
-1.7941
-1.8575
-0.6216
0.17242
1.3974
-0.51794
0.68094
0.94068
1.9169
0.97263
1.1609
0.13844
-0.51699
1.9008
1.7042
-0.22582
-0.86727
-0.54512
-0.17716
0.62352
-1.9216
-2.7896
-2.8426
-3.605
-3.8845
-3.0758
-4.5589
-2.7477
-2.8252
-3.2483
-2.8136
-3.5999
-4.5
-2.0159
-2.6515
-3.0644
-2.1845
-1.9986
-2.3417
-2.3229
-0.78248
-0.60065
-0.80969
-1.7437
-1.5715
1.0437
0.37744
0.23127
0.26109
-0.59846
-0.0035946
0.41117
0.84781
-0.30464
-0.68509
-0.9694
-0.33695
-0.58592
-3.4049
-1.8973
0.09131
0.83812
-0.12111
1.0056
-0.98395
1.1351
0.86403
0.67256
0.94537
1.1749
0.4535
1.4571
0.23517
0.79788
1.0374
2.679
0.69838
2.2616
1.8586
0.91664
0.79425
1.4985
1.673
1.307
1.2071
0.28044
-0.10695
0.99396
1.8766
-0.2077
0.8035
-0.45851
-0.50808
0.97316
-0.097008
1.2815
1.2385
-0.70092
0.71506
0.14864
3.7549
3.2546
3.2518
3.6152
4.836
2.63
2.4123
1.994
1.6111
1.3887
0.90015
0.52809
0.99658
-1.0064
-0.53254
-0.41802
-0.38587
-1.5201
-2.825
-1.7389
-0.54666
-1.7527
-2.8977
-0.49081
-1.6212
-2.227
-0.84946
-0.90112
-0.66045
-0.62278
0.97826
0.38109
1.7614
1.2333
2.1942
2.2511
2.3455
3.5232
4.5177
4.2111
-1.211
0.14333
-0.24871
0.61993
0.0050699
0.016648
1.2188
0.41057
-0.19072
-1.7697
-0.94268
-0.13101
-0.46279
-1.5971
-1.3335
-1.3771
-2.2469
-1.855
-3.5013
-2.6871
-2.4399
-3.1788
-4.6444
-2.3431
-4.5968
-2.4834
-3.4336
-2.7339
-4.1695
-1.6229
-1.8134
-2.6029
-1.9338
-1.347
-1.9059
-0.39823
-0.26662
-1.3179
-1.2534
0.24106
-1.794
-0.92717
-0.62968
-1.5994
-1.0326
-0.81625
-2.167
0.2088
-1.1961
-0.6142
-0.026802
-0.13861
-2.2402
-1.6628
-2.0506
-2.2789
-1.5802
-1.6808
-0.80489
-2.2258
-2.6156
-2.9671
-1.9314
-2.0441
-2.1901
-2.4358
-3.6955
-1.5476
-3.1192
-1.2486
-2.5915
-3.1704
-2.6319
-2.6986
-2.3674
-1.991
-1.8625
-2.4886
-2.1447
-1.9217
0.062862
-1.1766
-0.29183
-0.41958
0.34828
0.18002
0.28459
0.21796
-0.34883
0.36992
-0.65017
-0.6786
-1.0553
-0.13613
-1.5495
-2.0046
-2.3387
-1.5422
-2.9535
-3.2056
-2.9875
-4.061
-3.1729
-2.65
-2.3585
-3.4255
-2.6256
-3.6102
-3.6587
-3.4281
-2.5877
-3.3253
-3.37
-3.2868
-2.5527
-1.2967
-1.7509
-2.2318
-2.0354
-1.0702
-1.7017
-2.0288
-1.6277
-0.58466
-2.7821
-2.5678
-1.4506
-1.4899
-1.3896
-0.74872
-1.453
-2.4993
-2.1773
-1.9242
-2.2135
-1.2606
-1.3592
-2.4196
-2.2289
-1.9626
-1.3588
-1.6157
-1.736
-0.77751
-1.9404
-1.7503
-1.4875
-2.0614
-1.7055
-1.4268
-0.56662
-1.8356
-1.5572
-1.4466
-2.8509
-1.9705
-1.3161
-1.027
-3.2899
-1.3001
2.6162
3.9371
1.384
0.68294
2.427
2.0961
1.8144
1.1373
0.84822
0.69696
0.13997
0.84333
0.6401
1.1517
1.095
0.87208
-0.023423
-0.18352
-0.11158
0.27462
0.39822
0.47394
-0.21536
0.33863
0.15175
-0.41449
0.61207
1.1245
0.80583
1.6551
1.737
1.9284
1.8413
1.9285
2.0426
2.3391
3.0195
3.1462
1.6563
2.6236
-0.84115
0.5164
-1.1187
-0.92082
0.80351
0.80831
1.3993
1.4653
0.58436
1.2437
1.1843
2.8545
3.4887
2.9872
1.2873
2.2193
2.4031
1.8047
1.6043
1.9844
2.7761
2.3053
1.3891
1.3275
0.149
0.033942
0.86313
0.17878
0.60553
-1.1567
0.51544
-0.95141
-1.25
-2.8753
-0.34319
-0.80908
-0.55027
-0.51541
-0.60514
-1.1843
0.50824
0.21515
-0.84121
0.90726
0.77553
0.74992
1.8748
0.89281
2.1473
0.99283
1.0124
2.1671
1.8731
4.5207
4.1061
4.3741
3.1031
3.2908
3.6505
4.6117
3.8381
3.5006
4.8317
3.1871
3.4526
1.8877
2.5452
1.7502
2.6477
2.3901
1.266
2.0612
1.3878
2.7747
2.2245
0.18247
0.35137
1.6674
0.6659
1.38
0.77018
1.1275
2.5438
0.23963
0.7819
1.2358
-0.25105
0.5465
0.067394
0.22246
0.36681
-0.078726
0.81674
-1.0354
-1.3669
-1.2364
-0.85317
0.1779
-0.72534
-2.2171
-2.4075
-0.54622
-1.8131
-1.5556
-0.87734
-0.99368
-2.3889
-1.7277
0.20364
-1.6712
-0.057873
-0.34294
-0.55103
-0.57982
0.19016
1.4039
1.1775
-0.40536
0.8925
0.67739
1.1809
0.59123
1.5015
0.57475
0.38415
0.47653
1.6473
1.2503
1.6907
0.86493
1.1183
0.014343
0.38372
0.39799
0.75981
1.3014
-0.89442
-0.12258
0.96081
1.1628
1.0626
1.1674
1.4344
0.94126
0.24354
0.52063
-0.32413
0.78374
0.27732
0.051094
0.76556
1.0527
1.0385
1.3789
2.4541
0.041163
0.29279
-0.22928
0.70678
0.96287
-3.7772
-2.9737
-3.1938
-4.2799
-2.501
-3.3368
-3.3045
-1.4565
-2.4001
-1.9161
-1.5801
0.43605
-0.75367
1.1947
0.94422
0.47456
0.73734
0.73306
1.959
1.5251
-0.45553
0.21806
-1.2012
-0.40936
-1.0555
-1.5785
-1.8329
-0.56479
-1.1743
-1.9597
-1.9843
-2.1831
-1.9748
-2.864
-3.2688
-3.0787
-3.2504
-3.0171
-3.6711
-2.6958
1.4856
3.129
1.8604
2.2685
2.5965
3.6061
2.7847
4.0104
3.1405
4.0932
5.2856
3.2521
3.0481
1.6802
2.253
1.9878
1.4043
-0.1362
-1.5141
-1.6696
-1.204
-2.0505
-3.6393
-3.6439
-3.7351
-3.2133
-4.0307
-3.3751
-3.9643
-2.3787
-2.8527
-3.876
-2.3461
-2.0649
-1.5388
-1.3855
-0.81696
0.05777
1.6835
-0.12846
1.3397
-0.94512
-0.29733
0.58736
0.69804
1.9938
1.6107
3.4788
3.9181
3.9047
4.3117
3.684
4.7573
3.1903
4.3895
4.4904
4.6086
4.9632
4.376
4.3537
4.5525
3.4121
2.9477
3.5457
2.7721
2.0967
2.3189
1.2701
1.904
0.69075
-0.0071988
0.19905
-2.0482
-0.64859
-0.71501
-0.61536
0.025975
-0.5694
-1.0152
0.53256
-0.41388
2.0729
1.8605
1.052
2.1333
1.4845
2.1397
2.8713
2.4643
1.8046
1.4634
-0.203
0.95333
0.5659
0.86106
-0.076414
0.059232
0.6219
-1.5525
-2.0662
-1.3519
-1.1853
-1.7437
-2.3772
-1.2647
-3.0049
-2.1295
-1.8092
-1.4617
-2.4245
-2.989
-0.034543
-1.4827
-0.67955
-0.23556
-1.0566
1.0751
-0.14109
0.19213
1.1089
-0.24366
-1.0779
-1.2339
-3.1233
-1.423
-2.091
-3.3822
-3.8738
-3.1033
-2.6936
-0.53743
-2.0627
-2.2579
-0.47771
-1.2529
-1.0577
0.020478
1.5145
1.5427
1.0114
1.3681
3.4322
2.8435
2.1189
3.3131
3.1824
3.0617
2.2539
3.3009
3.0162
0.8241
2.4217
1.4305
0.78813
-0.10442
0.75641
0.66584
-0.1827
-0.74125
-1.1236
-0.30003
-0.038204
-0.80256
0.55069
1.006
0.60146
2.263
1.0677
2.7115
1.7948
1.1129
2.1615
2.3678
2.5003
3.5685
2.5786
2.2042
1.285
0.48288
-0.056494
1.4346
0.82272
1.4105
-1.779
-1.2957
-1.3275
-2.3232
-2.3878
-2.6586
-2.4309
-3.8887
-3.049
-2.6163
-3.6414
-2.7708
-2.4962
-1.179
-1.4681
-1.0299
-0.31879
1.1308
1.7898
0.38163
0.18567
0.65093
0.40102
1.5967
0.783
2.4944
2.0946
1.63
1.3792
1.1186
1.462
2.4831
1.6565
1.0925
0.39004
0.048314
0.5146
1.7552
1.1144
-0.41794
-0.25547
0.016799
0.87377
0.65069
0.13274
0.92099
-0.0086675
0.53981
0.51458
0.55617
-0.2741
-0.17858
-0.1056
-0.91823
-0.79475
0.1903
-0.8178
-2.6
-1.2994
-1.4263
-0.34834
-0.91562
-3.2646
-0.85808
-2.2475
0.24088
0.45011
-0.47248
-0.10572
-0.62613
-1.1585
-0.13103
0.26272
0.71715
0.51267
-0.36952
0.15722
-0.62254
-1.1013
-1.3837
0.29831
-0.17352
-0.68281
0.28203
0.14438
0.67015
-0.087137
-0.92179
-0.53687
-0.3933
-0.67991
-1.2661
-0.10736
-0.95891
-1.3314
-1.3536
-0.045753
-0.76135
-1.37
-2.0521
-1.4856
-0.1634
-0.67667
-0.76199
-1.4967
-2.2202
-2.2653
-1.224
-0.75993
-1.8479
0.0071678
-0.81066
-0.71424
-0.45427
-1.3026
-1.6866
-0.36925
-0.94047
-0.25275
0.17865
0.28014
1.0543
0.53085
0.33225
1.5175
0.43428
0.71113
0.63889
1.2166
0.4593
0.48974
0.25449
0.86206
0.25508
0.96074
-0.52354
-0.28751
-6.1977
-7.2718
-4.8181
-3.7999
-4.0604
-5.0989
-4.8804
-3.9473
-2.2343
-4.6254
-3.5049
-2.3945
-1.97
-1.9339
-1.2331
-2.2983
-0.8061
-2.2974
-2.5005
-1.5891
-1.4885
-2.1688
-3.3766
-2.6772
-4.014
-4.2223
-5.2379
-5.1533
-5.8118
-6.4557
-6.6561
-6.0997
-5.3997
-5.4597
-6.8743
-5.5107
-7.1406
-6.6653
-5.5826
-7.8527
3.5097
3.0999
3.152
3.2731
3.8033
3.4885
4.4149
3.8933
4.1763
4.6938
4.0003
3.6106
4.1706
2.9517
2.9725
3.5232
2.8611
3.0481
2.1566
3.0959
2.6313
1.9903
1.17
2.6449
1.8542
1.742
1.9742
0.22002
1.6603
0.77626
3.0761
1.8611
1.4086
4.3123
2.2839
3.3684
2.7316
4.198
3.0699
1.9118
-0.57492
1.0457
1.813
-0.65838
-0.1822
0.8728
0.13032
0.14494
0.00074894
-0.29864
-1.908
-0.14917
-0.65263
-0.23957
-0.17322
1.2645
-0.63293
-1.6654
-1.7566
-0.29467
-0.49081
0.50625
0.25719
-0.54125
-0.088713
0.16217
-0.56641
0.025566
-0.40695
0.08206
0.10541
1.4944
-0.58316
-0.00030597
1.5146
0.25994
0.45464
0.74054
1.2138
1.5534
-0.043144
-0.44643
-1.2295
-1.6537
-1.0084
-1.6237
-1.3131
-2.4437
-2.2038
-1.2521
-2.0036
-0.1527
-1.5421
-1.2078
-1.1375
-1.8687
-0.95626
0.18342
-0.24005
0.19872
0.12426
0.70152
0.21322
1.2919
1.9576
2.3923
-0.15891
2.3699
2.507
1.0064
1.114
1.7243
1.8448
0.79001
0.96131
0.83505
-0.10457
0.32967
1.0114
0.049594
-4.8428
-3.8068
-3.9767
-3.823
-4.8062
-5.3726
-6.1069
-6.3694
-6.8844
-5.9258
-6.737
-7.2281
-7.3217
-8.9611
-8.2732
-8.1376
-7.9688
-9.0452
-8.9517
-8.6073
-8.5465
-9.8805
-8.2982
-6.2884
-6.8965
-8.0574
-7.0502
-6.0263
-6.5974
-6.372
-5.435
-4.809
-4.2542
-5.3945
-4.4104
-3.3276
-4.6313
-4.8695
-3.4154
-3.9627
2.4806
1.8584
1.2834
2.6606
2.7137
0.97497
1.4599
1.8496
1.2416
0.22094
0.98545
1.0698
1.0444
1.1113
-0.02871
0.61094
-0.60852
0.99488
0.81094
3.0289
1.1768
2.0593
1.8943
1.6584
0.72729
1.7507
2.7666
2.9301
1.8396
2.7775
1.7312
3.4742
3.6673
2.3212
1.8474
2.688
2.2407
2.8517
1.258
2.8081
4.1235
3.6706
3.0176
3.4515
2.2134
2.9064
3.564
2.5433
2.5071
2.266
2.7205
3.48
2.0835
1.8584
1.8973
1.4402
0.85861
2.5917
1.0285
2.5585
3.1506
2.5732
1.0374
2.5746
3.14
2.3664
3.128
3.4825
2.9946
3.1969
2.8783
4.3293
3.8889
3.5494
3.8461
3.7212
3.1694
4.2322
4.5483
3.0454
-0.75776
-2.2396
-1.9954
-1.0499
-1.2337
-0.98408
-0.76665
-2.5229
0.015242
-2.2678
-2.2688
-1.7068
-2.1826
-0.64516
-3.2054
-2.5776
-0.84226
-1.1004
-1.7765
-2.5288
-1.1042
0.025247
-0.52719
-1.1391
-1.2409
0.17099
-0.27175
-1.0959
-0.91964
-1.4229
-0.2239
-0.40735
0.29417
-0.12815
-0.38074
-0.83429
-0.70036
0.63432
-1.1778
-0.63586
-2.5729
-3.9645
-3.2049
-3.057
-2.5822
-4.525
-3.4427
-3.2802
-3.0349
-2.9048
-2.4897
-3.1879
-3.3588
-2.2421
-2.4403
-1.5778
-0.46422
-1.8046
-1.5825
-1.104
-1.7221
-1.0079
-1.1624
-0.13249
-1.8223
-1.181
-0.99451
-1.9008
-2.154
-1.036
0.053975
-1.1688
-1.7086
-1.9296
-2.7201
-2.1886
-2.5566
-3.4656
-2.9989
-3.5787
-0.39829
-1.6858
-0.18917
-2.1498
-1.4816
-1.1981
-2.4829
-1.0541
-1.3506
-0.43554
-1.5597
-0.67213
-1.5619
-2.2016
-2.0024
-1.4569
-1.6596
-0.76686
-3.1104
-1.1248
-1.9627
-1.4384
-2.0962
-1.9072
-2.0418
-0.93825
-1.4823
-1.2137
-1.2216
-1.5279
-1.2081
-1.329
-0.22436
-2.213
-0.98724
-0.4524
-1.8769
-1.303
-1.0131
-0.93362
-3.7013
-2.9197
-3.7227
-3.6961
-3.6718
-2.5838
-3.7815
-3.1294
-2.6491
-2.3732
-3.3399
-2.1626
-1.5376
-1.4776
-1.2327
-0.33837
0.17673
-0.38387
0.37549
0.16815
0.57239
-1.6399
-0.70639
-0.99777
-1.1719
-1.507
0.21434
-1.44
-1.9116
-1.2395
-1.654
-2.3937
-1.2669
-1.3094
-2.7484
-3.1254
-3.933
-2.9067
-4.2847
-2.0369
0.20393
0.079204
0.4911
-0.99528
-0.22636
-0.42213
0.89392
1.368
0.62202
-0.281
1.121
1.6041
1.4318
1.9643
1.9764
1.6177
3.3099
2.5584
2.077
2.3201
1.2421
1.3226
1.8606
1.9742
1.6382
0.71328
1.2426
0.25352
1.2339
1.44
1.2513
0.49415
0.50152
0.99176
0.012391
-0.24305
-0.70689
0.23078
1.0481
0.43001
0.10884
-0.15719
0.11806
-0.092234
-0.27866
0.036076
-0.26947
-1.0916
-0.21983
-1.2454
-2.9788
-2.318
-3.1454
-2.1316
-3.2956
-4.9219
-4.1045
-4.1382
-5.5886
-4.6609
-4.9706
-5.1317
-3.101
-3.6614
-3.5246
-1.7839
-2.982
-1.8813
-1.1855
-2.5693
-0.52739
-0.46644
0.013381
-0.9068
-0.70949
1.0213
0.98411
1.0132
1.0183
1.8159
2.064
3.2358
3.5405
4.3431
3.7074
4.4797
4.4382
4.0379
4.6775
4.2265
3.4553
4.6634
3.995
3.8201
3.4835
3.2042
2.7549
2.6541
3.8875
2.2039
2.7012
1.4941
1.4073
0.61766
-0.050523
1.3604
1.6294
1.5635
0.5471
1.0692
0.32883
0.30889
1.7897
1.037
2.0514
2.8867
2.5467
3.2519
2.9695
3.5744
-0.80166
-2.1623
-1.0502
-1.6071
-2.227
-3.1418
-3.125
-2.8711
-2.9052
-3.3678
-2.7346
-4.2369
-2.6033
-2.6108
-2.8899
-2.8425
-2.9727
-1.2211
-2.3712
-1.8115
-1.6164
-2.1787
-2.6364
-2.7471
-1.2725
-0.45288
0.11535
-0.39024
-0.92105
-0.28551
-0.098644
0.78428
0.71035
-0.73961
-1.1244
0.095816
-1.7184
-0.36547
-1.1463
-1.174
-0.64591
-0.81098
0.050379
1.8821
-0.071122
-0.23545
2.6717
1.6413
2.3156
0.20398
1.8497
0.23547
1.4942
2.7691
2.5596
2.1411
1.3349
0.7163
-0.065967
0.79355
1.8333
-1.0211
0.086849
-1.8858
-2.6077
-1.5927
-0.68683
-1.9438
-2.0983
-1.5425
-3.7282
-1.2033
-2.5754
-2.417
-2.1408
-2.9894
-1.5395
-1.921
-0.87519
-1.0699
-0.32022
0.4681
-0.72818
0.27826
0.37852
0.78656
0.68688
0.46865
0.88593
1.2798
0.91313
0.64201
1.063
1.4767
1.9658
0.088311
1.3715
1.0893
-0.19919
1.691
-0.138
-0.15405
-0.72978
-0.90192
0.44429
-1.2287
-0.22499
-0.89534
-0.40797
-0.92212
-0.72067
-1.5528
-0.1119
-1.4032
-0.80331
-0.86123
-1.0503
1.0671
-0.54967
0.093445
-2.568
-3.2177
-3.9767
-4.9533
-3.8966
-2.9215
-2.8859
-4.2302
-3.5216
-3.2302
-3.7265
-2.093
-3.0005
-3.6884
-2.8152
-4.1648
-2.8741
-1.2175
-2.3605
-3.5865
-1.9153
-2.8861
-0.9241
-1.6218
-2.5988
-1.2917
-1.7219
-2.6266
-1.8551
-2.7131
-3.0452
-2.5572
-1.6183
-2.9873
-2.0722
-2.4629
-3.4561
-3.2938
-3.2045
-3.9421
-1.6371
-1.5462
-1.7221
-0.19411
-1.4572
-0.62338
-1.1975
-0.92314
-1.1573
-0.51593
0.39915
-0.68704
-1.2171
-1.1881
-0.60726
-1.0466
-0.092296
-1.989
-2.8767
-1.4106
-2.1796
-1.4121
-2.0118
-2.0756
-2.1968
-1.9992
-1.9176
-2.9772
-3.0986
-4.5794
-3.2902
-2.8693
-2.4995
-3.0244
-2.5615
-2.931
-2.6506
-2.3836
-1.7409
-2.3738
-0.43146
0.016664
-0.70468
0.34406
-1.1813
-0.10581
-1.5176
-0.74482
-1.3961
-1.86
-0.41147
-1.4925
-1.3276
-2.1243
-2.2983
-2.4423
-2.2315
-1.6279
-2.4846
-1.3723
-1.9565
-0.72784
-1.8709
-1.9673
-1.8902
-3.6032
-2.455
-1.6965
-2.2959
-2.8921
-1.931
-1.6775
-0.98162
-1.8975
-2.4844
-1.7372
-2.1863
0.010436
-0.94839
-0.39537
2.1736
1.4734
0.74619
0.91501
1.0533
0.30336
1.4736
1.1672
1.7326
-0.14834
-0.011087
-0.24222
-1.6445
-0.14506
0.22974
-1.4714
-1.8448
-1.3036
-1.7649
-2.2434
-3.0486
-1.8789
-2.2523
-1.2695
-2.4047
-2.6635
-1.9244
-2.362
-2.0752
-1.9888
-1.4878
0.34999
-0.43562
-0.089694
1.0907
-0.80959
-0.31094
1.9774
0.27776
1.5839
-0.025899
0.06828
0.18604
0.6034
3.3567
1.6211
2.2982
1.871
2.7274
1.7846
2.6929
3.5108
3.1882
3.9801
2.3883
3.1518
2.995
2.1562
1.8446
2.1946
1.6835
1.3415
0.1619
0.22437
-1.1065
-0.66824
-1.3383
-0.42578
-1.4885
-1.5335
-0.938
-2.0333
-1.6277
-2.3362
-1.6427
-1.095
-2.0647
-2.2934
-0.91883
-1.4495
-0.97843
-0.72908
-0.31312
-0.58555
1.4132
-1.1994
0.76893
-0.516
0.24568
1.8657
2.119
1.7493
2.314
2.4365
2.3537
3.3211
3.8421
3.9865
4.3837
4.3586
5.0698
3.1791
4.0066
4.6791
3.1447
5.0334
4.9117
4.2288
2.9295
1.5962
1.7563
2.8124
2.0225
0.72547
-0.24677
0.80035
-1.9331
-0.70592
-1.3757
-0.85813
1.3318
2.3282
1.003
1.1414
1.3867
-0.089136
-0.30136
0.298
0.9284
-0.9636
0.82581
-0.11626
-0.41678
0.41181
0.17054
0.069034
0.47581
0.81103
0.12002
0.16041
1.1674
2.5173
0.82955
1.9853
2.871
2.831
4.4462
2.9271
3.5833
2.2984
2.9291
2.8284
3.1015
3.5121
2.5591
3.6218
2.3404
2.1391
1.9867
2.1352
6.8419
7.4132
6.6826
7.0528
6.8399
4.9031
4.5776
5.3872
5.2443
4.8771
5.6194
3.225
4.3608
4.0707
4.5169
5.4458
3.2165
6.4722
4.8126
5.255
5.148
5.1979
5.3054
6.4604
6.3133
7.5725
7.6067
7.0307
7.8704
7.5996
8.1343
7.8374
6.9684
7.4703
7.6657
7.6728
6.9338
7.6957
7.2757
6.6822
1.4789
1.635
-0.90871
0.59148
-0.19771
1.5307
1.9544
1.4506
1.1641
0.41732
0.91073
1.1168
1.0339
1.5514
0.41084
2.3721
1.5868
2.3803
1.9327
3.0041
1.8509
2.0984
2.6293
1.6173
2.4404
1.2089
1.1188
2.417
1.5075
2.6104
2.1031
1.3109
1.4646
1.9017
0.47398
-0.13714
-0.52461
0.58978
1.4568
-0.0017995
-4.02
-2.8189
-3.3497
-2.8087
-3.1851
-2.6492
-2.5972
-2.8679
-3.8377
-2.2276
-3.3301
-2.9593
-4.2414
-3.2319
-2.4237
-3.2681
-4.6572
-3.6266
-5.118
-3.9226
-5.2049
-3.9489
-4.2972
-3.1973
-4.295
-3.6446
-4.8308
-3.6228
-4.4887
-4.4699
-3.6553
-4.376
-3.4522
-3.0628
-2.7023
-2.8683
-3.8133
-3.9903
-2.9087
-3.245
2.6158
2.698
1.8225
2.9204
2.4437
3.5882
2.0527
2.7928
3.0603
2.6255
3.0625
1.8106
3.0758
3.3341
2.5544
1.5719
1.9692
0.3401
0.28377
1.9971
2.3535
1.6498
1.3061
0.19602
-0.8057
0.8017
0.59504
1.5546
0.28572
0.18008
0.62742
1.4957
1.8726
-0.27687
2.5228
1.3347
2.1146
2.5064
1.5967
3.2702
-1.4208
1.165
-0.35241
-0.72426
0.083052
0.60422
-1.0624
-0.96263
-2.1724
-1.362
-2.294
-1.9668
-1.7587
-2.2417
-1.5036
-3.705
-2.4813
-2.9741
-3.9974
-4.0922
-3.0777
-3.3655
-2.1534
-1.5019
-3.8257
-4.2419
-2.7069
-2.6614
-2.2793
-3.7561
-1.1386
-1.8154
-1.388
-1.6021
-0.74899
-0.84936
-0.71235
-0.020419
-0.41561
0.42
1.6461
0.60882
1.3864
2.0675
1.4496
0.34899
0.62158
0.57415
0.5464
1.9128
0.47459
0.76669
0.36069
1.5854
1.1422
1.0296
1.4995
0.70162
0.42462
-0.42588
0.48638
0.08045
-0.44882
-0.34319
0.38468
0.043713
-1.0514
-0.66218
-0.15967
-0.54328
-0.3502
0.89308
-0.21011
0.94003
1.2984
1.5346
2.2683
0.64129
1.2513
1.8156
2.034
1.4681
2.6186
1.6433
1.8384
2.3633
2.8986
1.6102
3.14
3.1593
2.6482
3.7302
2.2774
3.2723
4.1816
5.4603
4.4658
3.4456
4.1813
3.1542
4.4462
3.1464
3.6379
2.7615
3.6083
3.2998
1.9748
2.5463
2.7665
2.8423
0.83728
2.4787
2.2742
2.4532
1.7483
2.2511
1.3671
1.1251
1.2842
2.0276
1.404
2.2699
3.1127
2.5492
2.0439
2.4905
3.1243
2.2195
3.3252
3.7904
4.0448
3.0719
3.2785
3.1437
2.7804
4.2983
3.8228
4.0763
2.6889
1.999
2.9928
2.6354
2.7641
1.1897
3.0454
0.91528
0.13582
1.2697
-0.88709
0.49717
-0.20101
1.738
1.0564
-0.59966
1.4002
0.31973
0.041532
0.58838
0.65871
1.4337
4.7041
5.0361
5.0082
4.6277
4.6961
6.0893
5.6765
6.7961
4.9114
3.9777
5.5192
6.2139
5.6238
5.2423
6.0733
4.693
4.8446
4.3291
4.7389
2.9115
4.3642
2.1146
3.1418
2.8375
3.0128
2.317
2.9994
2.0446
3.1789
2.835
4.0179
3.7654
3.422
4.6366
4.4344
4.0261
4.4625
2.6022
2.8553
4.5888
-5.3915
-2.427
-3.4158
-3.706
-2.692
-1.6628
-2.0332
-2.1158
-2.047
-1.4273
-1.2585
-1.3463
-0.65084
-1.7826
0.46719
-2.0327
-1.3824
-1.0494
-0.81775
-2.4373
-2.7972
-2.3046
-2.1338
-1.7788
-4.2055
-3.7214
-4.8346
-3.6203
-3.5657
-3.469
-2.6284
-4.1187
-4.417
-4.335
-5.21
-4.7519
-3.7863
-4.9485
-4.8315
-3.6779
-4.3358
-3.7447
-3.6277
-4.0054
-2.881
-2.8658
-3.804
-2.3564
-2.6626
-2.0107
-1.7794
-1.8561
-2.0629
-3.3951
-2.7351
-3.409
-2.69
-3.1703
-3.1564
-3.5854
-3.5988
-3.7148
-4.4256
-5.1461
-3.0416
-4.7338
-5.0355
-6.1531
-5.9059
-4.9689
-5.9634
-7.5306
-6.2073
-7.1933
-5.4428
-6.4477
-6.3872
-6.1467
-5.276
-4.088
-0.1636
1.7454
1.9946
1.5326
2.03
1.1192
2.3224
1.7446
1.4876
1.3735
1.0495
2.225
0.85231
-0.22398
-0.83325
-1.0523
-0.28693
-1.8095
0.73031
-3.0478
-1.345
-2.4891
-2.547
-2.2006
-1.756
-3.2109
-2.0798
-3.1782
-2.3133
-3.1559
-1.4525
-1.3083
-1.0558
-0.8638
0.029802
-0.0441
0.31929
0.80623
-0.3164
1.3832
-0.21473
0.96207
2.1322
2.5063
1.8505
1.6849
2.0619
3.1655
0.66594
2.5309
1.097
1.9498
3.135
3.007
2.5553
-0.83705
2.5275
1.3662
1.3652
1.1815
1.4372
1.5787
2.3909
0.55826
0.0098582
1.368
0.12111
1.9532
1.1715
0.41626
-0.54698
0.18019
-0.22064
0.34769
0.71837
0.043691
0.20604
1.2961
0.8976
2.0566
1.9789
2.1658
2.1129
1.7481
1.5067
0.92244
0.2239
0.72382
-1.1295
0.88149
-0.35242
-0.20011
-2.7429
-2.0605
-2.7894
-1.8479
-2.581
-3.0844
-1.5994
-2.7829
-1.6668
-1.3313
-0.31687
-0.81944
-1.052
-1.1012
-1.2315
0.39539
0.28152
-0.051757
-0.48118
2.7812
1.5511
2.7107
2.39
3.2798
1.775
1.7959
1.7248
2.0069
2.7911
2.3862
2.2557
3.6608
3.7054
5.5755
3.2947
2.671
2.4242
4.7213
4.3524
3.4461
4.7322
4.7546
4.9036
5.8655
3.8976
4.9694
5.45
5.0716
4.6058
4.7201
5.8945
5.5736
5.9485
5.7992
5.5121
5.6995
5.2316
5.121
5.9686
5.306
5.7965
3.2769
4.2813
4.7287
3.9182
4.3571
3.2713
2.1154
-0.57907
-0.90153
-0.88196
-2.4549
-2.7199
-0.82383
-1.8451
-2.0526
-1.8863
-2.6096
-1.8264
-0.39402
-1.6152
-1.8678
-1.3961
-1.061
-2.59
-0.27417
-1.8258
-0.64847
0.00024731
-1.1041
-0.46092
-0.3289
-0.16802
-0.13816
0.12339
1.4538
0.69261
-1.1224
0.50417
0.89878
0.59624
-0.1241
-0.089774
-0.39013
1.4484
-0.054344
-1.1085
-0.88077
-0.89207
-0.81143
-1.4766
-2.1403
-1.5009
0.056326
-2.2924
-1.1231
-3.0646
-2.5317
-2.3349
-2.994
-2.7622
-3.7702
-1.8162
-2.7034
-3.6804
-4.1771
-1.2894
-1.8128
-1.8836
-3.0816
-2.6866
-1.0479
-3.82
-3.0669
-1.8023
-2.2583
-2.9001
-3.0501
-2.5767
-1.6424
-2.2205
-1.4513
-1.2351
-1.5611
-1.0146
-0.83153
-0.80075
-1.2814
2.1547
1.4666
0.55551
1.0277
0.39467
0.82324
0.91506
0.4841
0.69665
0.065803
-0.24961
0.10467
0.70449
0.27501
-1.0116
1.4701
-0.036135
-0.40259
0.29619
1.2573
-0.10075
2.0138
1.5302
2.3575
1.6997
2.0849
2.6271
3.2015
2.4229
3.8914
2.7023
2.981
3.4778
3.4444
2.7178
3.3132
1.6065
2.2122
0.81979
1.3136
-0.63395
0.62369
-0.33971
0.051741
-1
0.71768
1.6671
2.3805
0.14246
0.44986
0.91287
0.69861
0.90038
2.0523
0.87033
0.38936
0.9003
0.48218
0.38527
0.4947
-0.10814
0.16538
-0.7207
0.58567
-0.26278
-1.2135
-1.2585
-0.43131
0.28346
-0.35741
-1.2053
-2.1735
-0.015374
-1.9899
-0.72467
-0.84732
-1.6661
-0.46843
0.096189
-0.319
0.41555
1.576
1.059
1.063
-0.81357
0.51061
1.7537
-0.12453
-0.98785
-0.39201
-1.0439
-1.4376
0.076969
-1.1463
-0.85499
-1.5615
-1.7915
-1.0786
0.0037912
-0.25235
-2.2552
-1.5947
-2.6955
-0.56322
-1.5626
-1.59
-0.64974
-0.70588
-2.153
-0.68026
-0.74626
0.90535
-0.16794
0.56098
0.48736
-0.40497
-0.67405
0.35244
-0.22626
-1.017
-2.3367
-1.9972
-3.4551
-2.152
-3.5264
-3.8516
-3.2745
-4.8507
-2.5756
-3.0237
-4.2631
-4.7906
-4.5157
-4.4706
-4.7378
-2.6172
-3.0819
-3.412
-1.9839
-1.6388
-2.5329
-1.0835
-2.2968
-0.78639
-1.3111
-0.97146
0.31576
-0.27818
-1.1123
0.24355
-1.0934
-0.1701
-0.21712
-1.7374
-1.2936
-0.61613
-1.1665
-1.6303
-2.0967
-2.6341
-0.38894
-0.7609
-1.8093
-1.3386
-0.34546
-0.060264
-1.5369
-0.66684
0.51395
-1.4341
-2.1621
-0.71548
-1.8422
-2.0214
-1.5173
-1.4894
-1.322
-1.2925
-1.4935
-1.7405
-1.4781
-0.47872
-2.0046
-1.0443
-1.9654
-3.055
-3.1632
-1.8972
0.051654
-2.715
-1.5112
-2.1311
-1.3221
-2.0139
-1.1351
-0.1843
0.16055
-0.34165
-0.60082
-1.5714
2.4556
2.5142
2.1813
2.6032
1.7645
1.7462
1.9216
1.0492
1.0241
1.3077
1.0491
0.34091
1.5407
1.4083
1.5198
0.55972
-0.027501
1.7995
0.77632
1.6311
1.6327
0.11209
0.44531
0.86381
2.8415
-0.16914
1.9924
0.7139
1.3829
1.2999
1.703
1.4409
1.2875
1.5357
2.4027
2.5436
1.5473
1.5919
2.4097
1.9157
-0.64488
-0.91141
0.27797
-0.089957
-0.82753
-1.9262
-1.6167
-0.82876
-0.86002
-0.97683
-1.3006
-1.7655
-1.4642
-1.164
-1.809
-0.34823
-1.6111
-0.58576
-0.95791
0.3825
-1.4046
-1.9149
-0.43834
-1.0396
-1.2993
-3.7269
-2.278
-0.7455
-1.3207
-1.8795
-1.0404
-0.49726
-1.5233
-1.0055
-2.4018
-1.4501
-1.6339
-1.1342
0.80326
-1.0191
-2.1934
-2.8439
-1.6985
-1.2847
-1.9388
-0.48222
-1.3326
0.050355
0.84656
0.084626
0.1398
0.62407
-0.026097
0.61175
-0.30338
-0.47429
-0.74206
-1.4283
0.87342
-0.99489
-1.1839
-2.314
-2.5424
-2.55
-1.1237
-1.4911
-3.4491
-2.4645
-1.4524
-2.0164
-3.0079
-2.6202
-1.9783
-2.4021
-2.7028
-2.3538
-3.7808
-2.6559
-3.4104
-1.8698
-2.1173
-2.1764
-1.5478
-0.51976
-3.1149
-2.6412
-1.9612
-1.2602
-1.861
-0.7629
-0.49839
-1.5692
-1.9081
-1.8813
-1.6174
-0.78071
-2.4855
-2.5263
-2.4334
-1.6114
-1.046
-2.3389
-3.2048
-3.5258
-3.1539
-3.5614
-2.9079
-3.0626
-4.4574
-2.0656
-1.992
-2.9643
-3.0782
-2.957
-2.9791
-2.7216
-1.7525
-2.1482
-1.7474
-1.4157