10.5524
10.4028
9.5821
10.5235
11.3219
13.2215
11.5959
12.8475
15.0471
15.0678
14.0418
12.854
12.7253
11.9488
10.3841
12.0962
10.1515
10.1634
8.8356
9.3708
8.4565
7.7056
6.8198
6.4649
6.2601
5.4859
4.3648
5.0823
5.5061
4.6938
4.4743
5.6851
3.8772
5.7116
7.2873
7.87
6.2544
8.8909
9.4326
10.0589
-2.6034
-2.3274
-1.6658
-0.97716
0.56802
1.7938
2.2709
2.9425
4.2376
3.3744
4.0072
4.306
4.2137
4.0741
3.5643
3.9023
3.7458
4.0176
3.8968
1.8919
2.3978
1.0745
1.4446
0.27695
-1.51
-1.892
-2.2005
-2.3923
-4.0201
-3.3678
-4.4762
-5.4558
-6.3802
-4.7347
-5.9656
-4.7539
-4.4804
-4.1263
-4.2161
-2.4158
16.3448
14.7096
15.0071
13.7452
11.901
11.9509
10.9072
10.3722
10.2912
8.2651
6.5819
8.635
5.0751
5.8378
4.855
4.6165
5.1125
7.2723
5.1722
5.9084
5.7801
7.0873
7.0778
7.8813
8.8411
9.2325
10.9575
11.5897
12.0181
12.8859
13.5401
14.5112
15.7134
16.2315
16.0231
16.6661
16.8278
15.4781
16.3632
14.9733
6.257
6.5199
5.2899
7.5243
5.9405
6.6533
6.205
5.9762
7.175
6.1152
4.6314
4.7671
5.1729
5.5367
3.9339
4.3128
4.2339
2.2078
2.3274
2.5693
0.73365
1.609
1.3905
1.3776
1.0073
1.2949
0.64939
1.1469
1.5915
0.72437
2.0643
0.59405
3.3153
3.0379
3.1097
4.5888
3.6643
6.0982
5.2759
6.8874
0.55608
0.63349
2.0595
1.005
0.36574
0.75615
1.3212
-0.51877
-0.42476
0.51254
-1.4539
-0.95613
-0.66748
-0.38317
-1.6676
-1.7076
-2.5328
-1.1536
-0.89276
-1.0085
-0.96675
-1.8984
-1.8558
-1.4877
-0.073064
0.061867
0.076555
1.2628
0.52379
-0.59911
0.89561
1.3562
0.54801
2.1127
-0.090277
1.6815
1.9671
1.2857
0.80444
1.7198
6.4227
9.1386
5.8261
5.0109
5.535
3.8171
3.3485
1.1262
1.6946
1.3264
-0.84798
0.57848
0.26388
-1.0031
-2.379
-1.267
-1.9408
-3.0077
-0.62994
-0.40858
0.1084
1.1929
1.5229
0.90891
1.8762
3.1907
3.4807
3.5359
3.7509
5.1646
6.0746
6.0118
7.2182
7.0483
7.6721
7.6968
8.2551
8.6551
7.1
8.7033
2.6729
3.9861
2.7944
3.1465
3.221
1.5317
2.3308
2.4231
1.4671
3.4776
3.4907
3.6408
3.2892
4.9323
4.2351
4.5518
5.6612
5.1862
8.0251
6.8128
6.7992
7.4209
7.1935
8.6717
8.1062
9.1287
9.5695
7.9721
6.5906
8.0235
6.4078
6.0549
4.5471
4.4184
5.8106
4.5369
4.2085
4.3568
3.8129
3.3788
9.2194
11.1368
10.5132
11.031
11.2076
11.5886
10.7502
11.1122
10.0703
11.1193
9.2947
8.6582
9.3575
8.5302
6.3132
7.4944
5.0004
4.815
4.6035
3.8714
3.2445
3.595
3.675
2.9876
2.2963
2.4911
2.5272
3.6811
3.9308
4.2262
4.6191
4.7817
4.2778
6.4327
6.7625
6.679
8.0288
7.4331
9.5813
10.1136
-2.3305
-3.3482
-4.0382
-3.1393
-3.3869
-2.5589
-3.0403
-1.323
-2.1948
-1.3486
-0.81263
-0.8376
-0.13347
0.077711
1.1817
1.173
3.449
3.9373
3.8886
4.3668
4.6126
5.2428
4.2583
5.2211
3.7053
4.2978
4.7428
4.2133
3.3583
1.8413
1.8438
1.329
0.62489
2.0102
-1.0726
-1.088
-2.5339
-2.2208
-3.8348
-1.4867
-10.965
-12.9528
-11.9194
-11.8773
-15.8607
-14.3736
-14.4525
-14.0099
-14.543
-15.2382
-13.8914
-14.6956
-13.6917
-11.5984
-11.5374
-10.6446
-9.5981
-9.5982
-8.6016
-7.8445
-6.5046
-5.2031
-5.3522
-4.8464
-4.7263
-3.3173
-4.4431
-3.5276
-1.6807
-3.7216
-4.0397
-3.3628
-3.7551
-4.8094
-5.0222
-8.0668
-7.5215
-6.8444
-9.4728
-10.0268
-6.5265
-8.0028
-7.6929
-7.5543
-7.717
-7.448
-8.1813
-5.6192
-5.6855
-4.8604
-5.3872
-4.9401
-4.5083
-4.5938
-1.6211
-2.2211
-2.0567
-1.4035
-2.2086
-2.1476
-0.46318
-1.2469
-2.2522
0.51286
-0.023661
-0.87529
-0.27013
-2.1969
-2.5458
-2.0821
-1.3649
-2.8278
-4.0927
-4.7894
-3.5762
-4.9887
-5.1417
-6.9825
-6.2219
-6.7491
0.40058
0.65079
1.6124
1.6438
1.9802
0.82695
2.5468
1.8204
2.0802
2.0072
2.7572
1.6429
2.506
1.5881
0.26376
1.4463
-0.25425
0.17874
0.27557
0.38294
-0.30744
-1.2817
-1.9751
-0.4072
-1.1497
-2.069
-2.1787
-3.1387
-2.1011
-2.4544
-1.8515
-2.7078
-2.4673
-2.5106
-0.78242
-1.7871
-0.82988
-0.23922
-0.46358
1.5909
-1.0813
-1.7872
-1.1778
-2.5949
-1.3944
-1.9976
-1.6788
-0.52572
-2.314
-0.33755
-1.1973
-1.8107
-1.8693
-0.19982
-1.6196
-1.1717
-1.6181
-1.3438
-1.6219
-2.6598
-2.6251
-2.8524
-2.3022
-3.9407
-2.609
-2.905
-2.854
-4.2845
-4.2387
-4.5859
-2.6841
-4.8636
-3.7673
-3.1035
-4.1258
-2.9297
-2.9687
-2.2645
-2.0531
-1.6535
-2.5278
-3.0338
-1.9451
-2.4615
-1.552
-2.0619
-0.41786
-0.94655
-1.9369
-2.4914
-3.2624
-4.1035
-3.5463
-4.4698
-3.1407
-3.9976
-4.8447
-4.0658
-6.1575
-7.1461
-8.1475
-6.861
-7.9871
-8.1632
-8.7843
-7.756
-8.479
-8.219
-6.815
-7.1541
-6.5919
-6.5681
-5.7784
-4.988
-6.5719
-4.7595
-4.7629
-4.0662
-2.8923
-2.9869
3.4433
4.4048
4.3581
5.232
3.869
4.4735
5.6525
4.7126
6.2882
5.1506
5.1751
5.1374
5.9341
4.8317
5.246
6.0999
5.5373
5.1165
5.4941
4.7731
5.2683
6.1262
5.0774
4.9206
4.0538
3.5118
3.1137
4.5236
4.1497
5.1592
2.3467
3.1929
3.3201
2.302
3.8096
4.1706
3.7044
2.8534
3.0869
5.4059
-1.176
-0.25609
0.94687
0.41102
1.4032
3.1916
1.6293
2.8076
2.6731
2.5338
2.9639
1.6529
1.2182
0.72634
1.9577
-0.017827
-0.78551
-1.9924
-1.5072
-2.6513
-3.5133
-5.1002
-5.33
-6.1296
-7.8901
-6.3308
-7.5673
-9.6584
-8.806
-9.0091
-9.1777
-9.1284
-8.9171
-7.2786
-7.0103
-6.2013
-4.4178
-4.6928
-3.1796
-2.1614
1.0919
0.78486
0.59319
0.58792
1.8867
3.1799
3.8648
2.9669
3.8454
3.657
5.0183
4.9986
5.8179
6.3995
6.3386
7.1606
6.2462
5.9049
5.5833
6.9771
5.0072
5.6407
4.0933
2.6867
4.5883
3.6283
3.6346
2.3239
2.265
1.9446
1.4576
0.25526
2.8046
0.28128
-0.43328
0.48742
-0.28363
0.84496
0.11748
-1.1177
11.9343
12.0035
12.0332
12.8954
13.0755
11.6231
10.7899
10.5363
10.5313
9.5065
10.0105
9.3107
8.6286
7.1832
7.2726
7.7248
8.2792
6.8281
7.5175
5.592
7.5969
6.4723
8.0635
7.5863
8.8586
7.98
10.6511
10.7364
10.7739
10.7853
11.6223
11.9868
12.1293
13.1027
13.542
12.8855
12.3295
13.4595
13.4114
13.0089
-5.256
-4.6291
-5.2094
-4.8896
-4.4022
-5.14
-5.9255
-4.6616
-4.2892
-5.4259
-2.5558
-2.9516
-2.6289
-1.3349
-0.82916
1.2773
1.9819
1.6676
3.3413
3.8685
4.7892
4.8291
5.3464
5.3824
4.8158
5.4836
6.4024
4.6611
6.4109
3.8487
4.1337
4.4544
1.9089
1.5285
0.72908
-0.82334
-1.2122
-2.4781
-3.772
-4.2217
-3.864
-3.4639
-4.7216
-2.6638
-1.9546
-1.873
-1.7914
-1.5381
-0.64899
1.4212
1.1221
1.3014
2.5876
1.3335
3.6013
4.1286
3.8384
5.1333
3.407
3.4253
3.1418
2.7383
4.3684
2.5265
2.0194
2.2661
2.9944
1.3429
-0.89249
-0.35583
-1.9641
-2.3581
-3.1972
-2.8074
-4.4247
-3.6101
-3.9201
-3.5149
-3.9395
-4.8465
-2.3123
-1.8711
0.68147
2.1315
2.8598
5.2773
4.9679
7.4217
8.7906
10.7205
12.6697
13.1886
14.2065
14.8755
15.1158
16.3822
14.8505
15.6145
15.1426
13.5254
14.6042
12.8921
11.7347
10.9338
9.7862
8.1633
6.7513
4.7268
3.3901
1.86
0.52398
0.75552
-1.1458
-1.4247
-2.2221
-2.1371
-3.8723
-3.0781
-3.4648
-3.0379
1.4867
2.8814
1.7862
1.8734
2.9177
3.1552
1.7622
3.4032
2.1851
2.6797
3.3651
1.816
1.8692
0.90423
1.514
-0.20425
-2.2364
-0.71165
-1.7042
-1.6606
-1.501
-0.29945
-1.0695
-0.28537
-3.0293
-1.6939
-2.1743
-0.23188
-1.1719
-0.59329
-0.60888
0.3886
0.28128
0.59562
1.3765
2.1853
-0.033062
2.0184
1.6863
1.3998
3.6725
3.3929
3.387
3.9966
3.1376
4.3854
3.6082
2.7383
3.7139
2.5773
3.1045
0.96557
0.20121
0.41578
-0.84334
-0.81247
-2.1735
-2.6455
-2.207
-2.9687
-4.1377
-3.3898
-3.1523
-3.2063
-3.9727
-2.1708
-4.2561
-1.7762
-2.4145
-1.9531
-1.9706
-1.4723
-0.7773
-1.3289
0.050036
0.94733
1.2103
2.3717
1.7934
3.6364
4.7757
4.885
5.7549
6.7098
8.5335
8.2199
7.6415
8.8142
9.7021
9.9809
9.3891
9.7387
8.4224
8.4
7.5606
7.2963
5.9591
5.5567
4.9928
6.083
3.9945
3.3279
2.0467
2.3622
-0.0056778
0.67218
-0.22163
0.38822
-0.90035
-1.0233
0.034778
-0.83177
0.7457
1.105
1.6597
0.88381
1.632
2.1138
1.9045
2.6558
0.012913
-1.3915
0.041217
-1.3074
-1.2746
-1.7154
-3.1955
-2.8825
-2.6535
-0.99625
-0.8249
-0.43032
-1.0516
-2.4669
-1.1243
-0.81941
-1.0119
0.15553
1.2953
-0.76589
1.4146
1.6353
1.761
2.4284
1.08
1.6815
1.3315
1.0498
1.9259
2.0675
2.7155
2.0009
1.8219
2.0682
0.43171
1.3097
-0.18372
0.62836
-0.16462
-1.0251
-4.2978
-4.0658
-5.3026
-5.5887
-5.2748
-4.2147
-3.8552
-4.1589
-4.9604
-4.4037
-4.8324
-4.245
-3.9159
-2.035
-1.3128
-1.8997
-1.4305
-0.51575
0.11856
1.4611
-0.18019
-0.16957
1.1491
0.24139
-0.62373
1.1418
0.032846
0.045785
-1.6018
-0.45406
-1.154
-1.2775
-2.4078
-1.8167
-2.6605
-4.1791
-3.2217
-3.1038
-4.5184
-5.8189
-4.0346
-4.9858
-4.883
-4.5373
-4.1063
-4.294
-3.4065
-3.5188
-4.9081
-4.1057
-3.1458
-3.7924
-2.8818
-1.8516
-1.4484
-2.0244
-1.4904
-1.2334
-1.9467
-1.673
-1.8749
-2.8858
-1.1847
-2.47
-1.9006
-2.6235
-1.8031
-2.286
-2.145
-4.7587
-5.0666
-4.9883
-4.6852
-4.0862
-4.6173
-5.7586
-4.0497
-5.2111
-4.868
-3.9991
8.8166
9.9638
10.5367
11.4073
11.9826
11.2164
13.2149
11.2543
12.841
12.3765
11.4381
10.124
9.377
8.4524
7.0879
6.318
4.7213
4.1233
2.4144
2.4124
1.7389
-0.22673
-1.2402
-1.7283
-3.0956
-3.7313
-2.2675
-5.2554
-3.8604
-1.6711
-2.5188
-2.0741
-1.476
0.51367
1.7914
3.02
4.488
4.8824
6.4057
6.7622
-7.8387
-8.6155
-8.2072
-7.0936
-8.1462
-8.5199
-8.294
-9.2641
-8.6821
-6.9315
-8.1765
-9.8135
-7.7669
-6.7876
-6.8121
-6.7066
-6.3135
-7.7272
-9.0547
-7.3189
-6.3095
-7.3319
-7.5912
-6.0774
-6.2757
-8.3001
-6.6324
-6.6072
-5.4648
-5.5848
-6.5868
-7.0826
-7.4921
-7.6234
-7.8467
-6.7062
-6.4742
-6.6491
-6.8568
-8.2795
1.2407
1.2102
0.73024
0.31848
-0.37143
-0.79866
-0.39862
-0.90915
-0.80235
-0.83935
-0.86892
-1.0128
-0.23992
-1.1242
-0.47341
0.28249
0.29574
1.7272
1.0606
0.40606
1.2078
2.5463
2.231
1.1012
2.5292
2.724
3.2456
2.2874
2.1364
2.2617
2.2096
2.4465
3.1013
2.6637
0.99049
2.7777
2.8889
1.6361
1.9519
2.8566
9.9296
9.5232
11.0718
11.0078
10.8976
10.5342
11.2314
7.987
9.4098
8.043
6.2859
5.2807
5.1404
6.1532
4.8192
1.8752
2.2818
1.5634
0.24118
0.71413
-0.45984
0.57306
-0.94105
-0.013127
-0.65885
0.2121
0.61725
0.63228
1.602
1.297
2.907
3.2482
4.9701
4.2376
4.8215
5.5626
7.9011
7.7003
8.372
9.4561
4.9848
5.9305
4.9464
6.086
5.2236
5.2811
6.692
4.4762
4.2844
5.2591
4.8412
3.9316
3.0754
4.1875
3.5233
3.012
2.0205
5.1276
3.239
3.5014
3.166
2.3329
3.6746
2.7017
3.3816
2.3649
3.1256
4.303
3.945
4.0851
4.6909
4.6388
4.8136
5.5845
5.0791
3.94
6.0082
5.7619
5.7226
6.9286
-4.225
-2.1461
-4.6119
-4.5083
-4.8697
-4.1742
-3.8113
-3.7702
-3.652
-3.4682
-3.5157
-3.4223
-2.1219
-3.2057
-2.3894
-2.1011
-2.9252
-1.5897
-3.5152
-1.9039
-2.3348
-1.9036
-3.3148
-3.5471
-3.4475
-4.3248
-3.0869
-4.1643
-4.8991
-2.6703
-6.0244
-4.7477
-3.3776
-5.4504
-4.8332
-4.6058
-5.8607
-6.4005
-4.7268
-4.8528
0.15397
0.26639
-1.3167
0.40161
-1.3677
-0.56287
-0.43506
-2.0042
-2.7932
-4.0031
-4.4047
-4.2732
-5.2365
-5.3911
-7.266
-6.8324
-7.9844
-7.3957
-5.8621
-6.537
-6.0015
-6.9118
-4.658
-4.5003
-4.9348
-5.751
-2.6026
-3.2712
-2.4205
-1.4668
0.11748
-0.81955
-1.2122
1.2984
1.2137
0.46304
1.5533
1.8456
1.4819
0.58945
1.5059
2.5681
4.0383
5.0104
5.2479
6.1624
6.0455
7.7785
8.3384
9.5724
10.0969
9.5424
10.109
9.6213
10.1805
9.7128
9.4352
8.6312
8.5823
9.3049
7.5828
7.7808
8.1403
6.2741
5.7205
4.1457
3.7631
2.9658
1.6962
1.0015
1.7572
-0.63715
-0.61749
-0.12342
1.0963
-0.20198
1.5781
0.35712
0.92924
1.1622
9.9756
9.0296
9.4239
9.7801
9.8637
9.5734
8.6558
9.1465
8.6063
9.9836
9.5573
10.373
10.8198
10.0362
9.5636
10.4056
9.9178
8.541
9.2933
8.6468
8.6259
8.397
7.4389
7.7099
8.4461
7.1639
7.386
7.0483
6.5977
8.1971
5.7351
7.8214
7.4791
5.5965
6.0518
5.9656
7.9191
7.8477
5.4809
6.6255
-5.7345
-5.8358
-5.4102
-6.6035
-7.3464
-7.0315
-8.0089
-8.3
-9.1836
-8.7646
-9.0209
-9.4956
-10.4934
-9.8197
-10.6368
-10.8158
-10.3808
-11.6511
-11.8526
-10.221
-10.5487
-10.6
-9.7813
-9.9494
-9.4512
-8.0164
-7.9743
-8.8726
-6.8475
-6.9828
-5.6105
-6.968
-3.7719
-4.8304
-4.6567
-4.6684
-4.8036
-4.7235
-4.0098
-4.8127
10.006
11.5723
11.6783
11.8287
12.8444
11.263
11.653
12.1783
11.3629
10.2421
9.3937
9.8639
8.5415
7.4505
7.6423
5.6372
3.9404
4.3175
3.5461
3.0588
3.4488
1.5835
2.3729
1.2516
2.6269
1.4536
1.5517
2.7572
2.1961
2.6804
4.7144
6.3221
5.729
7.4935
8.2044
7.5939
9.7184
8.9905
11.0907
12.2604
-0.64469
-0.16881
0.93757
1.6309
1.3504
3.6316
3.9992
4.3782
6.0425
6.4599
8.1219
6.5348
8.7434
6.7139
8.9069
9.4706
7.6228
9.6756
9.9799
8.8247
9.748
7.7631
8.3527
8.3598
6.2297
7.9767
6.1587
5.0984
3.5719
3.3434
3.528
1.4959
1.3577
1.0065
-0.18864
0.97385
-1.4019
-0.72891
-0.72079
-0.05282
-2.3201
-2.0127
-2.5528
-1.9777
-2.0178
-3.1815
-2.8834
-4.6247
-3.9126
-3.9879
-3.7108
-3.8006
-4.1108
-4.4338
-5.1848
-5.3037
-4.5581
-3.6832
-4.5515
-5.6293
-4.3403
-4.2397
-4.4422
-4.7984
-4.7915
-3.5078
-2.4259
-2.3388
-3.6673
-2.3097
-1.7213
-2.4727
-0.68849
-1.9809
-1.8589
-0.79342
-0.11593
-1.7425
-1.8019
-1.0142
-0.85609
-1.8829
-2.0139
-1.2937
-1.4745
-0.7597
-1.6112
1.2359
-0.5718
-0.098227
-1.0516
-0.23512
0.57975
0.014475
1.5312
-0.01892
0.90113
1.0918
1.3143
2.821
1.0871
1.6882
0.39187
0.95761
1.3627
0.2698
1.7602
0.59717
0.10707
-0.21128
-0.17166
-0.25931
-0.64995
-0.88578
-2.1985
-1.8615
-3.3175
-3.0671
-2.3943
-3.1806
12.6922
12.9003
10.7848
14.0312
15.3884
13.2697
14.8347
17.7331
15.5554
15.7015
18.8282
19.0406
14.8608
17.8345
17.8992
16.2547
15.1581
18.3072
16.4545
13.9785
15.6487
14.9696
12.019
11.1553
11.6383
9.2932
9.2537
10.9685
9.774
6.3448
10.1879
9.9392
5.7722
6.3616
10.3896
6.0577
8.0489
10.9377
9.248
9.4516
4.0492
2.2863
3.7461
3.8595
-0.52507
2.5364
2.7161
-0.7871
-2.2289
-0.01687
-2.2841
-5.5252
-4.2331
-5.4675
-9.3903
-6.6939
-6.0244
-10.4733
-9.929
-7.1589
-7.6081
-9.4216
-6.4104
-5.9321
-10.823
-5.6994
-4.0745
-5.6228
-3.3374
-1.4312
0.53523
-1.431
1.4742
4.0814
1.1952
3.7547
4.6195
3.7813
3.5743
7.1114
7.8385
9.6208
6.7475
5.1418
6.7976
5.9484
1.9806
6.4872
5.8912
0.85886
0.13239
4.2258
1.8261
1.1938
4.6581
2.2918
1.0559
3.8561
6.1257
3.5087
5.2616
7.6388
5.6163
5.0386
9.78
10.3623
8.0366
12.2223
12.713
10.5338
10.6621
14.2249
12.1254
10.9862
11.9855
13.2014
9.6837
10.2672
11.7755
9.1995
5.2339
1.8361
1.8748
4.2382
2.7223
0.0012572
4.7008
5.0032
0.70379
4.8282
5.0412
3.8655
3.3292
6.7519
3.8746
3.4899
6.4813
6.3436
4.1136
5.2203
8.446
3.4818
3.5192
6.5994
5.2133
3.495
6.2611
6.3807
3.3957
5.2032
7.0121
3.4558
3.2024
7.9204
4.4661
3.855
5.2354
4.4705
1.3455
3.0765
-13.3774
-10.6203
-8.4564
-11.7159
-11.2103
-9.7315
-10.6613
-13.746
-10.3023
-12.1547
-15.5176
-12.3609
-10.9964
-14.9053
-14.4679
-13.3178
-14.3897
-15.8285
-12.4214
-13.5235
-15.9417
-14.0918
-11.3927
-15.5635
-15.0959
-11.2278
-13.2885
-14.6668
-11.5822
-11.2961
-15.2299
-12.216
-10.4236
-13.1125
-11.7626
-7.6578
-10.5312
-12.7516
-9.3462
-8.383
-3.3265
-2.2674
-4.9807
-2.6519
-0.25147
-2.9667
-3.2594
-0.32127
-0.84171
-2.6661
2.0592
3.065
-0.77858
1.87
3.8015
2.2094
0.92944
5.8013
4.0316
0.747
4.5872
4.2758
0.89875
3.17
4.2007
1.7839
2.1511
3.9839
0.63977
-1.1714
0.95394
0.26939
-3.2565
-2.2967
-0.38965
-5.1752
-5.9883
-1.6559
-3.9691
-4.4535
5.7486
2.8275
3.6123
5.1878
-0.15778
-0.17066
2.3155
-1.4008
-2.1116
1.178
-0.12113
-4.1274
-1.9744
-0.79343
-4.3165
-2.3255
-0.13796
-3.9132
-2.2134
-1.8084
-2.2693
-2.6514
0.23644
1.2619
-0.90395
-0.12753
3.1687
2.2262
1.2603
6.5829
4.9301
2.3457
5.4729
7.2909
3.2563
3.9768
7.0327
5.3565
3.1051
7.3935
-5.722
-0.034205
-1.9594
-5.0165
-1.9682
0.0327
-3.0986
-4.2104
-1.2005
-3.6091
-4.957
-2.1205
-2.4321
-5.8435
-4.7432
-2.5688
-5.2002
-5.8601
-4.4102
-4.5852
-8.5049
-5.8046
-4.1798
-8.1025
-6.4886
-5.0384
-7.1569
-7.3106
-4.2191
-5.7631
-7.5363
-4.1348
-3.4736
-7.2151
-2.7217
-1.6078
-4.1834
-4.9676
-2.7165
-2.9869
-1.4081
-1.874
-2.1385
-0.058491
0.75876
-1.3225
0.88212
2.0691
0.62898
-2.741
1.6794
1.6464
-1.9658
0.82068
0.24638
-2.0905
-0.99082
-0.89248
-3.4857
-3.5807
-1.3814
-3.2978
-6.3839
-4.0592
-3.017
-6.4954
-6.2839
-3.9361
-5.8099
-8.183
-3.4949
-4.6027
-6.6668
-5.211
-3.5709
-6.5203
-4.477
-2.859
-4.0009
-4.7051
-1.608
-3.694
-0.56524
-0.43807
-3.441
-1.748
-1.0021
-2.712
-4.4305
-1.5787
-3.5261
-6.4538
-3.2044
-3.2228
-7.3164
-5.8746
-4.2894
-6.3654
-7.2569
-4.8337
-7.3598
-8.5243
-4.7992
-4.9623
-8.677
-5.4989
-4.2116
-7.3264
-5.8764
-2.8997
-4.6472
-6.3861
-2.7756
-3.6801
-4.688
-1.6056
-0.76969
-4.3241
-3.712
-1.0172
4.2409
7.3869
5.5165
4.4402
5.856
6.1974
4.335
7.3785
10.8762
7.7403
4.9555
8.5536
7.5186
6.1521
9.8832
10.1476
7.6848
11.064
11.7716
9.608
7.8499
11.8119
12.0051
7.8214
10.8306
13.6677
8.529
8.9344
11.4358
9.8812
8.8298
10.7688
9.1342
6.225
6.8463
7.9099
4.8266
6.5772
9.1806
5.3443
0.51162
-0.31289
-2.7884
0.030917
1.0976
-2.9002
0.64022
3.497
0.31964
1.1395
3.2612
3.0978
0.7597
3.9623
3.4418
0.60418
3.4881
6.1262
2.9299
2.7305
4.7885
2.5699
-0.28887
2.8135
4.6246
-0.20291
0.96947
1.4333
-1.0255
-0.3629
1.1351
-0.54954
-3.958
-1.7457
-0.49355
-4.0632
-2.023
-1.2701
-2.1634
-3.4738
-5.1202
-7.3919
-6.0309
-5.4108
-8.5925
-4.5717
-4.1014
-7.8111
-7.3256
-3.3732
-5.2392
-7.2533
-4.0536
-4.7063
-7.5988
-5.3162
-4.7065
-8.3278
-8.4579
-5.9854
-5.996
-7.8754
-5.5117
-5.4636
-7.5638
-7.9732
-5.0094
-8.4246
-8.8054
-4.6215
-6.6004
-9.2474
-3.2602
-4.0759
-7.1142
-5.628
-3.4235
-7.7958
-6.4575
-3.527
0.072818
3.6801
4.2523
0.81106
2.974
5.193
1.5372
2.5512
7.1229
2.4154
1.24
5.093
5.1947
0.31437
1.6008
3.344
0.46344
0.33701
2.6466
-2.0791
-2.3269
1.3517
0.43247
-4.4577
-1.29
-1.3538
-3.6816
-3.7742
-0.012806
-2.5575
-4.7176
0.025476
-0.22349
-2.819
-0.18848
1.6713
-0.48729
-0.80933
2.4857
1.0859
-0.68837
-2.8435
-7.359
-4.0065
-1.7966
-5.0582
-5.572
-0.46595
-4.4723
-6.2339
-1.4928
-2.9218
-5.4751
-3.0968
-2.6544
-4.8794
-5.3228
-2.3863
-3.8336
-6.1944
-2.5787
-1.8538
-4.9896
-3.1995
-1.3659
-5.4898
-4.0246
1.2088
-3.6353
-6.5125
-2.3217
-2.0245
-5.757
-3.8056
-2.6802
-4.9346
-4.6805
-1.9406
-4.4292
-5.3796
6.413
2.9409
6.6914
7.1719
4.248
4.2908
5.7202
4.1953
2.6889
6.4252
5.4102
1.18
3.0977
4.2726
1.815
2.7062
5.0151
1.6815
0.78381
3.9093
5.3276
1.5484
3.2405
4.3321
2.4691
1.5703
7.1034
1.7996
2.2901
6.6895
5.1064
1.2993
4.6174
6.8192
3.5439
4.0284
6.1442
5.4946
3.7751
7.988
1.1094
2.9748
2.5166
-0.7629
1.9264
2.2854
2.1775
-0.45173
2.6514
2.4621
-1.9306
2.5726
2.2588
-1.3156
0.27317
1.1081
-1.6205
-2.4276
1.0958
1.5182
-0.81181
0.1275
2.4361
0.062376
-1.252
2.5002
1.417
-0.43523
4.28
2.6545
-0.78704
2.7169
4.6284
1.0856
3.0098
3.5853
3.2096
0.7004
4.876
3.8018
-2.2666
-1.2811
-4.2848
-3.8968
-0.39979
-3.1581
-4.0115
-1.8152
-2.4417
-3.4884
-1.4789
0.21618
-2.4643
-2.8541
-0.070735
-0.78834
-3.7459
-0.44483
-1.0125
-2.7725
-0.3142
1.2733
-2.6441
-0.36367
-0.34674
-2.1504
-2.1105
-0.2851
-0.011471
-3.9128
-1.7187
0.21983
-4.3011
-2.8224
-1.9268
-3.2605
-4.2354
-0.6743
-0.76639
-3.3001
3.338
-0.94107
-0.088788
3.3325
1.7458
-0.054552
3.3843
2.8809
-1.3515
2.0959
3.5315
0.042974
0.39201
2.7536
0.15537
-0.97707
1.7614
0.64537
-2.4396
-1.0298
1.5766
-1.3751
-2.0608
1.3811
-0.043434
-2.1914
-0.15168
-0.039768
-3.2001
-0.50941
1.4511
-2.5454
-1.6298
2.1868
-0.5499
-0.65438
2.3828
1.7701
-0.49717
2.0294
-4.2679
-3.7723
-0.29498
-1.8357
-3.7469
0.59477
-1.0566
-4.6132
-2.7645
-1.0685
-3.0345
-2.6239
-0.47045
-1.534
-2.2178
0.27795
0.26753
-1.4909
-0.012106
0.73249
-2.5946
-0.096725
2.2184
0.56861
-1.5267
2.507
1.7796
-1.6114
0.22755
2.4337
-1.6166
-1.8137
0.56086
-0.27717
-2.9206
0.003876
0.49501
-3.9552
-1.2515
0.39144
-0.15933
3.068
2.1329
1.8417
5.3543
5.4638
3.5936
6.825
9.8227
7.8427
7.8972
12.6303
11.2085
9.0388
12.2197
13.2957
10.3047
12.3842
15.035
10.5831
10.1187
12.0061
9.8545
6.577
7.5035
8.9537
4.7744
5.2119
6.105
1.9907
-0.43942
2.623
1.099
-1.2391
0.42153
1.5185
-1.4077
-1.5691
3.3125
-0.25483
2.595
2.2592
-0.43029
2.8438
4.6879
0.66541
2.1559
5.3608
3.0562
1.8896
4.8248
3.9051
0.71336
2.7019
2.364
-0.6607
0.62593
1.3594
1.3605
-0.55668
1.8702
-0.30829
-2.3498
2.3536
1.7142
-1.8988
-3.0109
2.2943
-0.49792
-2.0481
1.1571
-0.51335
-1.6227
0.37737
2.2861
-2.006
-0.86528
2.677
0.62528
-1.1119
1.591
-1.2065
1.7725
1.5619
-0.2675
-2.6593
1.4289
-0.3292
-3.0379
-0.29467
0.75547
-4.251
-2.1606
-1.6574
-3.8072
-3.5781
-1.4432
-1.9512
-4.3573
-3.1968
-0.69242
-4.3923
-0.96396
0.55277
-1.3429
-1.354
1.9894
-0.041831
-1.1005
3.0742
1.9995
-0.11851
1.8393
5.0979
1.2114
1.1912
3.6829
2.377
-0.56099
2.9916
-11.4028
-9.7147
-7.7348
-9.2952
-8.7905
-4.1604
-6.953
-7.8028
-4.3976
-2.8318
-5.6968
-4.7644
-1.5135
-3.499
-4.7991
-0.66237
-1.1086
-4.0746
-2.8652
-2.0118
-4.2236
-4.3822
-2.2527
-7.3599
-6.4202
-5.5482
-5.1184
-10.2559
-8.0023
-8.9147
-12.4032
-12.7349
-8.9959
-10.5912
-12.1264
-10.6217
-10.3368
-12.8416
-10.6965
-10.1966
4.015
8.4538
6.9743
2.8834
6.6949
7.4195
4.1008
7.2872
8.574
5.1326
5.4896
7.969
7.3245
6.3463
10.3373
11.4055
7.0332
8.5495
10.8484
8.7856
9.7768
12.6602
10.7694
8.8448
12.0433
11.6647
8.651
10.4547
12.8677
9.2906
8.5556
11.6712
9.2188
8.0642
10.2625
9.2102
7.1061
7.3315
9.6838
5.7352
-9.0845
-10.4848
-12.5784
-8.4755
-8.4695
-10.9909
-9.011
-4.5417
-5.6639
-8.2489
-3.8421
-6.1664
-6.7985
-4.4366
-4.3111
-5.8212
-5.2401
-3.8713
-5.1167
-6.4554
-5.3916
-4.4426
-8.6057
-6.6186
-5.3266
-9.5131
-9.3122
-6.6903
-9.0267
-10.5809
-7.7779
-8.7034
-10.9433
-8.3699
-7.9628
-11.5435
-12.5813
-8.6756
-12.62
-11.9771
-1.478
-6.4795
-4.98
-3.801
-5.8597
-6.3635
-3.5742
-5.7646
-7.4939
-5.9949
-5.3641
-9.1033
-6.7426
-5.1997
-7.9043
-9.0054
-6.3543
-6.6127
-9.0683
-5.2384
-6.8562
-8.4181
-6.613
-5.9805
-8.0138
-8.3518
-3.5188
-4.2996
-6.6243
-3.9849
-3.0852
-6.2296
-4.604
-2.9426
-5.0841
-4.2733
-2.78
-1.9985
-5.5705
-3.3972
0.59269
1.1078
4.3857
2.4573
-1.059
1.2298
2.3589
0.22905
0.9614
2.8216
-1.4532
-2.052
1.5559
-0.29204
-2.5193
-1.2681
-0.47443
-4.0211
-2.0947
0.83919
-2.2129
-3.7568
0.79934
-0.67201
-4.7152
0.2977
-0.23541
-0.99534
-1.1151
2.0445
-1.4794
-0.2241
3.7607
0.70986
-0.26587
1.6693
2.2443
0.3803
2.0972
4.5276
-1.1075
1.6814
1.4108
-3.0089
-1.0863
0.83873
-1.7407
-1.9059
0.50511
-0.83885
-2.7786
1.2844
-0.3362
-2.0769
-0.31697
1.6409
-1.9674
-1.1958
2.7787
2.1168
-0.46102
4.1262
3.3495
1.9024
2.3397
3.7378
1.8179
1.9249
4.1346
2.3953
0.2158
3.4472
3.6854
1.7936
2.4752
4.0489
-1.1653
1.1504
2.8737
1.3916
7.9769
8.6821
6.1984
5.5614
9.0745
7.8357
2.6295
5.2884
6.3005
2.4031
2.0241
5.7057
1.387
1.6932
4.2328
3.757
0.74482
2.6957
3.4833
0.099212
1.8905
3.6889
0.91682
1.793
6.2813
3.7319
2.8603
6.0495
6.777
4.8591
6.0726
9.5306
6.6895
6.3954
8.7764
6.6871
5.7811
9.4101
9.0618
6.3862
5.7305
3.2531
2.7149
4.4853
3.6958
1.4681
3.3765
5.6191
0.87936
1.6717
4.1542
3.3789
1.6466
5.3644
3.5535
1.7962
3.7808
5.8118
2.0791
2.1542
4.4626
4.3325
3.024
5.2107
5.5775
3.7952
5.5707
7.3307
4.8607
4.759
7.329
6.6271
4.67
6.7108
6.4733
4.6314
4.3134
8.253
3.6627
3.3435
-2.5969
-5.5264
-3.5429
-0.26564
-2.7975
-3.4477
1.0728
0.44514
-1.6226
2.5129
2.3255
1.5774
3.7027
5.4459
2.4512
3.4569
7.4793
4.665
2.2629
5.516
4.8326
2.101
3.0032
4.1887
1.3075
0.75515
2.708
0.63223
-2.0669
-0.29919
0.80837
-2.9704
-1.9147
-1.4867
-5.81
-4.964
-1.7043
-5.1438
-5.1283
-2.3728
-16.0088
-14.8093
-8.3365
-5.7506
-9.7846
-8.8578
-12.8358
-16.4284
-13.2995
-6.6715
-5.4428
-6.3436
-6.7402
-10.2817
-12.6352
-5.2945
-0.11231
-3.2795
-3.11
-3.9158
-8.8812
-8.0809
-2.1032
0.81877
-2.2314
-1.0026
-5.0734
-10.499
-6.1261
0.42791
-0.44521
-4.3855
-3.7254
-9.8427
-9.5663
-6.8987
-3.6952
-5.3926
-6.3562
-9.1166
5.5984
8.7387
6.75
-1.4049
-3.1226
-0.48181
0.87424
2.8048
5.0738
1.6905
-6.3446
-5.1717
-2.5195
-1.4982
2.9942
2.7442
-2.1668
-7.7829
-4.163
-0.04669
-0.19571
5.7513
3.4464
-3.2343
-2.7746
1.7055
1.4593
3.8735
10.2458
5.5882
-0.95155
0.23575
4.5833
5.0247
9.1436
10.6755
3.6742
-0.59767
2.249
3.7528
-5.8897
-6.2008
-9.5937
-6.5382
-0.24078
0.0098502
-4.0913
-5.6359
-4.4386
-7.6633
-3.0495
3.2223
2.3681
-1.8856
-1.9807
-4.4009
-4.009
2.1504
7.1238
2.1925
-0.9774
-1.0962
-4.6581
-4.2453
4.7989
3.8034
-0.96246
-2.1535
-5.7852
-7.1232
-3.8122
2.612
0.8649
-4.4738
-6.205
-8.145
-10.3943
-2.6383
0.037796
-2.7032
-7.7162
-2.5873
-2.7835
-2.8528
-3.828
-10.2167
-9.7352
-1.4216
-0.95239
0.037915
0.51103
-2.6484
-9.5164
-6.6279
0.073984
-0.46234
1.7655
0.30062
-4.8813
-9.2212
-4.1236
-0.72925
-0.33641
0.95651
-2.3017
-8.1778
-10.0161
-3.4326
-3.0137
-2.5304
-1.8077
-7.1397
-12.4995
-9.8211
-4.3227
-3.8381
-3.0832
-4.7435
-7.8604
-12.0467
1.8201
-3.9997
-9.6265
-8.6486
-7.1231
-6.4871
-0.84416
-0.41167
-8.5554
-12.3241
-10.2716
-9.1062
-6.4236
-1.5314
-4.5972
-10.4098
-11.5081
-9.6494
-9.8078
-5.7323
-1.5155
-7.5332
-11.6806
-9.541
-10.1823
-8.6147
-2.7837
-0.65608
-5.5705
-10.1379
-6.4637
-6.4292
-2.9975
1.4358
-0.53943
-6.3336
-5.897
-6.8815
-6.3854
1.0448
-2.6582
-6.3559
-2.0923
4.4064
2.0781
1.057
-1.2533
-4.8571
-6.194
0.11022
2.6303
-2.5886
-3.3967
-6.2371
-10.0825
-8.3316
-3.5464
-5.0474
-5.0718
-8.4631
-11.9683
-14.4446
-9.8908
-5.824
-5.2532
-6.6596
-7.3942
-11.868
-12.8733
-5.6474
-1.3288
-5.15
-4.0851
-5.9857
-9.3736
-8.002
1.9477
1.5147
0.26207
0.32098
-3.8408
0.5683
2.0016
-1.3042
-6.6303
-5.5581
-3.1308
-0.33404
3.1297
4.4641
-1.6489
-5.3098
0.47432
2.1383
3.2921
8.7179
5.9287
-0.96807
-1.4755
3.058
4.6555
6.7706
9.1938
4.4056
-1.2695
-1.032
0.69081
2.507
5.3728
6.0805
-0.50453
-5.7605
-2.2494
-0.40246
-0.60889
3.249
0.68127
-6.869
-7.0296
-3.5213
2.9543
0.64881
-2.302
-3.6234
-0.46484
5.6496
4.1735
0.54816
0.028872
-1.9979
-4.4483
0.88437
6.3479
2.4755
-0.40881
-2.1093
-3.4806
-3.9311
3.85
6.1245
0.51537
-0.52674
-1.9647
-3.9015
-0.054716
6.4725
4.4087
-0.359
-0.48345
-2.6946
-4.0039
2.7646
4.4999
4.6164
-0.21749
-1.2828
-4.0474
-2.5184
4.4211
4.7256
-11.3787
-6.6304
-3.4476
-4.6214
-2.2281
-4.1152
-10.5185
-8.5428
-3.0896
-1.7411
0.3462
1.1029
-2.8263
-6.4275
-4.912
1.5991
2.1701
4.6889
2.8894
-2.3446
-5.106
-0.49316
2.6629
3.0946
4.3294
3.4851
-4.4537
-5.0145
-0.57385
0.28418
0.68785
0.37784
-4.7503
-9.334
-8.2183
-3.2391
-2.5726
-2.3113
-1.9591
-9.6975
6.094
10.1486
5.3467
1.9304
2.3006
2.6287
4.1936
8.4947
10.4048
5.8022
3.0511
2.4989
2.0658
6.3817
11.2081
9.6829
3.3261
3.5698
3.1307
2.5886
7.3986
11.6648
6.2105
1.2122
1.5276
-0.44847
-0.6165
5.4465
7.5545
1.8989
-1.3546
-0.51949
-1.7545
1.0265
7.6933
6.9201
0.08944
-0.2545
-1.3896
-1.025
12.2283
6.8273
0.66418
4.9252
10.8334
8.6882
9.7074
7.5284
1.1182
-2.4328
3.5926
8.1896
7.2516
6.0392
3.8948
-2.05
-1.6975
3.9456
6.5693
6.113
5.6507
3.2742
-0.11498
3.2739
9.5149
9.753
10.1403
10.328
5.4378
2.6652
6.8048
13.9736
11.6913
12.8098
10.6926
5.0542
5.3467
10.5507
12.7762
10.9339
-6.4212
-4.4201
-1.7583
4.0289
3.7861
-4.2952
-5.6166
-4.4878
-2.591
-0.66775
3.2552
-1.2503
-6.6633
-7.1652
-5.788
-6.1282
-0.27484
0.3586
-6.3832
-10.4629
-8.5302
-7.0277
-6.1849
-2.1759
-2.6935
-7.9265
-9.9414
-7.183
-9.542
-4.2972
0.3675
-2.1959
-9.25
-7.6433
-6.9347
-4.818
0.79092
2.1853
-3.2201
-5.9959
11.9183
11.2546
8.6794
9.2685
5.7786
5.0375
9.8724
14.7063
12.5809
10.8471
8.1764
3.2782
4.3293
12.1825
12.7573
10.0564
8.2668
4.2472
0.057781
3.954
8.0875
7.1642
4.4519
2.1917
-0.18803
-2.0849
4.5398
5.7898
4.7474
3.0523
0.5095
-3.2507
-1.6482
5.6442
7.6219
4.8468
5.3565
2.7546
0.094863
5.3511
3.4232
-3.3034
-5.3711
-2.4066
-0.40564
1.6929
5.9545
1.6161
-3.6715
-3.5386
0.21143
1.9219
5.3008
7.2656
1.3425
-2.6423
1.2586
2.9491
4.1783
10.2707
6.905
0.98342
1.4884
4.0017
3.368
7.6584
10.3482
5.2244
-1.1533
0.34359
4.3371
4.5651
7.2087
7.267
1.0104
-2.8805
-0.37713
0.001214
2.4395
6.1706
0.2611
0.42025
7.3028
10.5948
9.1158
7.1235
5.5637
1.9272
4.7078
11.3203
11.6332
9.2022
8.197
5.1769
0.53546
6.3197
11.8512
7.5293
4.7002
4.4436
0.76196
-0.41378
5.0065
9.4501
5.4564
3.8368
1.923
-2.595
0.00044392
6.2981
8.1298
3.902
3.4513
0.056951
-2.0451
1.8638
8.7242
7.8699
5.4409
4.0785
1.169
3.0651
5.5062
2.3859
-3.5238
-3.1899
1.7883
0.47186
4.5645
5.4976
-2.1693
-6.6897
-2.3306
-1.4571
1.3787
5.9391
2.1806
-5.7196
-3.7245
-2.7238
1.0323
3.2038
5.7607
1.9623
-4.2259
-2.7876
-0.41522
3.3509
5.8604
7.1699
0.55396
-2.0696
0.40239
2.4196
3.3629
7.9826
4.8091
-2.0522
-3.2202
0.61978
0.026375
-0.85721
-0.010959
-3.8185
-1.6235
6.0793
9.7788
5.1866
4.9187
3.4334
0.7034
5.471
13.127
11.3615
7.7543
6.5126
3.3991
2.2943
9.7091
11.8577
8.7333
5.4418
3.8975
-1.714
-0.22842
5.307
6.5456
1.5592
0.11585
-3.2715
-7.1969
-4.242
2.8035
1.3019
-2.2185
-2.7311
-6.042
-7.6936
0.18667
4.2607
-4.3392
-1.9829
0.94311
3.1142
6.2943
8.621
1.7868
-4.2793
1.5981
3.0353
4.6906
7.2449
5.7287
0.18056
-3.2345
1.6846
3.023
4.2431
6.5579
1.1421
-3.9843
-5.0727
0.33761
0.91215
1.5947
3.1549
-2.9763
-6.8636
-2.9885
-2.1777
0.81795
2.5769
1.9781
-3.6881
-6.1435
-1.5703
-0.29158
2.7703
5.0077
2.486
-0.74796
5.568
8.0725
4.1663
0.66876
-0.39205
-4.9381
-2.695
4.1041
3.8583
0.3609
-1.3064
-4.0112
-4.2499
-2.0021
4.2579
3.5048
-0.012032
-2.2526
-4.4898
-3.7886
4.4346
6.659
3.1067
0.91816
0.98514
-2.65
0.71224
9.2397
8.0849
4.6284
2.4765
1.2105
-1.283
4.2887
11.4227
7.3913
3.5645
2.4319
-2.1904
3.4256
6.0672
1.6603
-4.5687
-2.4941
1.6342
1.9062
6.5207
6.7849
-1.3719
-5.2347
-2.0304
0.53041
1.0753
3.1177
0.95172
-4.8677
-8.1128
-3.8395
-1.6945
-0.69221
1.4228
-1.0088
-8.3667
-7.7655
-3.1718
-2.0725
0.6873
1.6938
-3.14
-6.6353
-5.5678
-2.1915
0.3325
3.7137
2.9483
-4.4738
-5.953
-0.30342
0.51367
-3.9179
-5.2519
-8.308
-8.1237
-0.085469
2.6707
-2.0097
-2.6686
-5.648
-5.9084
-4.3136
2.9603
1.9042
-0.43205
-3.0609
-3.6286
-6.7927
-0.5232
6.0529
1.2547
-1.1545
-3.1967
-4.9511
-6.943
0.33551
4.3901
-1.0246
-1.6895
-4.2322
-9.1018
-5.9469
1.3464
0.19517
-3.8748
-4.9172
-7.9177
-9.0167
-4.7139
0.081684
-0.32532
-7.8079
-4.8996
-2.3779
-1.4705
2.8485
-1.2306
-7.0281
-6.564
-4.3592
-2.623
-1.5618
1.3397
-5.0059
-9.6272
-7.1748
-4.875
-2.9474
-0.80467
-1.0399
-9.0217
-10.1741
-6.6344
-4.8837
-4.2712
-0.44338
-4.2765
-11.2239
-9.0117
-6.2715
-3.5872
-1.8495
0.38505
-5.618
-9.9509
-7.9616
-4.5328
-2.4865
1.5
-1.2024
-7.9621
-0.54942
6.6658
4.7257
-0.71628
-1.5388
-5.2434
-6.0264
-0.16217
4.0588
0.2596
-0.13568
-2.2697
-5.7717
-4.8488
2.8027
5.9001
2.0522
-0.17371
-1.9637
-1.8965
0.74738
7.4206
6.3983
3.1747
2.3127
0.31959
-1.6012
7.2542
9.9172
7.0322
4.9364
3.0445
-2.3363
0.70429
6.6696
6.7279
2.8993
0.69781
-2.0577
-2.9333
4.3852
4.9246
-0.66107
-4.7419
-0.24646
-0.25832
2.4291
6.3479
4.0899
-3.6991
-2.8619
-0.18678
-0.18678
2.8909
5.6421
0.89072
-4.8443
-3.8369
-2.0892
-0.98394
2.4062
2.6296
-4.2759
-7.964
-5.313
-3.914
-1.5499
2.3488
-1.2684
-7.9499
-6.6341
-3.7021
-2.8251
0.45393
3.1245
-1.3682
-7.2216
-4.0901
-2.295
-0.19628
-1.1165
-4.3493
-7.9703
-4.0777
3.0579
3.0742
-0.58132
-2.0746
-5.4036
-7.5726
-1.715
3.5974
1.3759
-0.50522
-1.7601
-5.9862
-7.3462
-0.82471
1.8325
-1.7238
-2.4686
-5.9713
-8.1772
-6.5458
-0.4607
0.11932
-3.4415
-3.5392
-7.4149
-8.8973
-4.8011
-0.49654
0.52383
-1.1096
-4.5689
-7.2149
-7.5777
-0.31176
1.7498
-0.978
-1.5537
1.4588
1.9799
6.0985
10.4473
4.0474
-0.043849
0.17665
3.5494
4.4044
11.3817
10.8253
4.4312
0.59918
2.4826
3.5869
7.0245
11.4754
8.5609
2.1103
1.4884
3.111
4.9667
8.6252
9.985
4.251
-0.82772
1.7088
1.9405
1.9876
9.0136
9.2225
2.1944
-2.6525
1.3081
0.58934
5.9094
9.1799
7.1559
-0.57315
-2.961
0.50211
0.29257
-0.040356
-1.7325
-6.1815
-8.7062
-2.5271
1.3528
1.0276
0.14355
-4.0332
-7.7937
-6.3729
0.71754
0.30673
0.76828
-1.7172
-6.1475
-9.8593
-3.4018
2.0377
0.78866
0.50992
-0.77759
-6.408
-7.3768
-0.71821
2.0193
0.5143
-0.45572
-4.101
-8.6643
-7.4516
0.11446
1.0128
-0.75905
-0.98391
-5.6362
-9.4654
10.1148
11.0212
5.7018
0.62466
2.6956
1.0718
4.1939
7.4546
5.568
-0.64768
-2.7151
-2.0305
-3.6021
1.7353
5.4889
1.2481
-5.4226
-5.5479
-4.2246
-5.1982
1.4381
2.4244
-3.3806
-5.9695
-4.6375
-5.9949
-0.69843
4.0981
3.11
-2.0802
-2.9537
-1.0515
-0.89085
3.524
8.01
4.2897
1.424
2.1324
1.5481
4.3132
3.9115
1.2538
-4.4032
-4.4029
1.9412
3.1624
1.9782
2.2391
-2.4631
-7.5371
-4.1385
2.0643
2.2872
3.1681
1.7644
-3.8347
-7.6749
-1.4603
3.162
1.7986
3.079
0.82979
-4.1655
-3.8375
1.7095
3.6718
3.4233
3.8727
0.23094
-4.6496
-1.4891
4.3249
3.2768
4.6789
3.336
-2.6629
-3.3219
0.22905
4.2624
2.4795
-2.2393
-2.7707
-6.5608
-2.0602
4.1954
2.094
-4.4326
-6.5877
-8.155
-8.4945
-2.8281
-0.061133
-3.4481
-8.045
-7.4995
-10.2067
-7.1362
-0.7699
1.0062
-4.3743
-5.6864
-6.7569
-6.6545
-2.4401
5.232
2.8264
-2.198
-2.5309
-2.6611
-1.8391
3.9559
7.3065
2.6797
-1.1394
-1.4649
-3.1679
-1.293
5.395
6.0017
-1.4867
-4.5002
-1.5534
-0.2985
2.3329
2.9391
-3.3211
-8.9508
-6.3302
-3.5196
-3.4735
-1.4354
-1.8715
-10.4449
-12.5263
-8.2427
-7.5691
-7.033
-2.6462
-5.9789
-12.9945
-12.2525
-9.5303
-7.1207
-5.2002
-2.2422
-8.1751
-13.1132
-8.5776
-4.1514
-4.0219
0.80724
0.28243
-6.5306
-8.8908
-2.1581
-0.25128
1.1162
4.1907
1.4948
-5.3808
-6.5813
4.2633
3.7987
-1.8846
-4.4747
-2.6846
-1.4909
0.69002
1.0248
2.5561
1.2453
-5.6067
-9.6024
-3.3012
6.7083
1.7113
-1.9489
0.49282
-1.7195
-8.8253
-6.9672
3.7747
4.8698
-2.1153
-4.1167
-2.3312
-1.7311
0.3559
1.5272
2.1334
1.9837
-4.7229
-10.2837
-2.7233
6.8764
3.2224
-2.4673
0.25597
-1.5433
-9.5842
8.6383
7.6999
1.5207
0.74562
0.46785
-1.9288
0.4395
12.4577
10.5393
0.84372
-1.9268
5.0747
3.8674
2.7557
7.0345
8.4503
0.91702
-3.26
1.7629
7.4976
10.5538
8.3105
3.8507
2.9563
3.7751
-0.48075
1.8732
12.9326
12.6169
0.96397
-0.61671
6.5382
5.1577
2.005
8.4606
9.0059
2.1578
-1.7512
0.4686
7.9159
1.3453
3.8853
-3.1339
-9.2265
0.88947
8.9427
2.0031
-1.9808
-0.96349
-2.1274
-4.7502
-2.3067
4.1653
6.1429
1.7478
-3.6267
-7.629
-0.46155
0.35698
-3.2459
-2.1527
2.2153
-6.339
-11.7337
-2.2082
2.7701
-1.3715
-3.4705
-4.4626
-6.8695
-8.9438
-5.2805
0.74489
3.309
0.03361
-8.0649
-6.7366
-1.8814
1.3263
-2.1687
-3.9204
-5.2391
-2.4174
-3.3079
-0.11812
2.4157
0.86142
-0.96342
-6.2998
-9.0289
-3.0956
4.1084
-4.2425
-10.7621
-7.1541
-7.4747
-10.9876
-7.0382
2.1366
-1.7606
-10.1269
-11.3322
-8.8053
-5.8254
-4.9716
-2.2641
-1.8726
-2.0342
-7.7174
-9.882
-0.22406
4.9283
0.53764
-5.6772
-1.4634
0.88062
-4.3222
0.20209
8.2162
6.1687
-1.5501
0.87998
1.4638
2.4763
8.9654
6.195
-5.7731
-4.8467
3.9451
5.4346
2.6972
7.5265
8.6312
-1.515
-4.8771
2.3567
7.047
6.0763
4.2375
1.5836
1.6044
1.6551
0.81382
5.3009
9.2742
5.7585
-4.9787
-4.5311
2.3407
4.1221
0.68492
6.0507
7.4168
-3.038
-7.511
-1.0121
4.2818
4.5493
1.8855
-0.22759
-14.7177
-5.9221
1.3202
-5.1277
-8.5954
-4.8124
-7.971
-12.6587
-5.9314
0.37806
-1.855
-8.1775
-9.4028
-8.309
-2.5661
1.9376
-1.7469
-0.085336
0.4325
-8.2413
-11.0971
1.1959
6.9832
0.82006
-1.3854
0.24597
-2.4645
-6.555
-1.0643
4.8305
0.94052
-5.5068
-9.536
-7.5742
-1.5206
-0.045322
-2.9628
-1.2221
-4.0437
-12.0929
-4.9403
-4.8598
-0.3397
-1.3889
-9.8264
-13.3372
-8.3776
-1.9778
3.6808
-0.91137
-4.8769
-3.1133
-3.0243
-7.1801
-0.78814
9.8814
4.0186
-3.1733
0.015804
5.5817
3.0124
4.9264
8.5352
6.7966
0.021732
-4.2574
-0.56229
6.2609
8.4977
4.2727
-1.9228
-0.36166
-2.5683
-8.7907
-3.1507
6.7919
0.12813
-10.81
-9.2069
-2.4979
-1.0179
1.8345
-1.7088
-9.1634
-9.7578
-3.89
-4.5004
-8.0865
-0.74901
-2.9747
-13.9641
-14.5018
-3.7682
0.017804
-6.1201
-5.3322
-7.6398
-11.2637
-14.703
-10.4432
-2.8441
-2.5348
-6.4722
-13.7952
-11.7055
-6.1697
-7.4006
-11.0415
-4.2566
-3.5186
-13.789
-15.5272
-3.5056
-1.5014
-5.048
-6.3242
-4.5355
-9.5515
-11.6408
-6.9444
1.7441
-0.13618
2.2358
-2.4055
-6.6661
3.4515
11.7231
4.273
-4.5153
-3.1857
-2.6462
-6.0142
-3.0901
1.4452
-0.023512
-5.8706
-10.0464
-9.6454
-3.544
-1.2096
-5.9726
-8.188
-5.9343
-11.5092
-13.902
-3.9622
4.3627
-0.78679
-8.0109
-6.0072
-4.165
-6.6729
-3.7109
4.1587
3.949
0.024422
-4.8597
-4.4869
4.115
6.769
3.6022
-9.3413
-7.8927
-0.4677
-0.68505
-0.72
2.4074
3.0228
-1.4458
-4.117
0.69437
5.0589
8.5827
3.8042
-2.1933
-1.0496
3.2119
-1.7876
2.8867
10.0532
7.0213
-3.9401
-5.3506
1.1321
2.2844
-0.26165
3.0711
1.428
-3.7443
-5.8186
-4.0866
1.559
4.6313
-1.2956
-8.5082
-5.9313
-4.1366
-7.1065
-4.2669
5.463
1.6013
-1.46
-3.5667
-1.2475
3.7558
5.602
2.2856
-6.0189
-7.949
-1.5771
0.94259
-3.1039
1.9657
5.2925
-5.1552
-10.2123
0.085887
6.268
1.3012
-1.1412
1.9437
-1.6997
-2.7682
0.15442
6.7365
7.2363
3.5016
-4.1147
-4.8953
3.4004
4.6162
3.2072
6.9192
9.2871
-0.18394
-5.1632
2.821
8.3505
1.6893
0.73219
-2.7158
-0.61728
3.7448
10.1845
5.1426
4.583
7.9258
3.6578
-2.8102
2.5697
13.0673
8.607
-1.3155
0.29094
2.9243
-0.07618
1.333
8.587
8.4908
1.8054
-3.8807
-5.18
0.83844
6.1631
2.9636
0.35143
3.1229
-0.23757
-5.8282
-0.43
9.8195
5.1681
-3.68
-2.3475
1.5516
0.41147
2.8235
9.0892
8.3008
3.5624
3.546
0.66282
1.6111
9.8439
10.2517
-3.0634
-4.4136
2.2376
4.366
1.9913
5.2246
7.4952
0.79362
-7.3492
-3.9041
2.4949
5.7232
3.5943
-0.75453
-2.0162
1.6868
-1.2634
-0.33
8.2751
7.357
-3.6182
-7.016
2.687
4.1496
3.1287
5.9997
8.4314
2.6524
-3.3469
-1.7132
4.5743
8.2924
5.946
2.0047
0.7071
5.0835
14.8775
10.1614
8.3804
12.6155
10.1758
1.4239
5.1717
13.703
13.4617
11.541
7.3514
6.1784
8.3292
10.9493
8.9195
11.2107
14.3811
4.2651
-4.4145
4.7626
12.905
9.363
5.8892
8.6595
3.9627
-2.2699
0.6812
7.2366
8.2189
5.5297
1.808
1.726
4.2884
5.8947
7.1569
10.2147
10.7095
2.5262
-2.5328
-5.2814
3.9718
8.1944
-0.19523
-4.7586
-4.4041
-1.9559
0.49363
1.0279
0.78802
0.58934
-4.661
-11.2408
-5.6073
3.3091
5.3616
-2.0714
-1.4868
-0.37006
-5.6779
-7.9762
2.3675
7.3854
0.3537
-3.3789
-1.7373
1.4075
4.6652
6.2934
5.4415
4.6096
-0.046443
-3.61
-0.97727
8.2104
9.8672
1.6356
1.3278
2.9107
-0.89665
-1.4196
-1.9928
-0.10858
-4.8639
-9.3185
-11.8346
-9.6191
-1.8528
0.85353
-7.8037
-12.2383
-8.5656
-7.7848
-12.6054
-9.3832
-0.024854
-7.2526
-15.7634
-11.6314
-4.2931
-4.3956
-4.7759
-2.6844
-6.1644
-8.739
-10.6812
-8.2046
2.0714
3.752
-2.4455
-7.4124
-2.6248
-0.90293
-5.3369
-0.93076
4.3838
-0.82215
-9.0162
-6.732
0.26542
10.287
10.9339
6.7547
0.21578
0.41936
4.7423
4.487
1.8542
8.317
7.0265
-3.9449
-4.9305
6.3268
8.3203
2.9992
3.5752
3.3294
-1.8338
-3.8069
0.35211
8.5134
9.4934
4.3938
-2.1576
-1.5265
4.5833
2.9761
2.3926
7.9802
6.2079
-3.8538
-4.0493
7.4523
11.3521
5.0375
5.0587
6.9309
1.0062
-1.928
3.701
-4.8792
-5.0108
-5.0963
-8.5347
-12.6183
-3.7514
5.6341
-0.32292
-8.0844
-4.9441
-6.378
-12.2191
-6.9839
1.6006
2.5082
-4.5748
-8.1208
-8.8747
-5.3818
-3.9412
-5.6102
-5.8829
-4.9222
-10.3109
-15.1355
-5.2546
2.8759
-4.6733
-10.3661
-8.2185
-8.3013
-14.3876
-8.4258
-0.27818
-3.3029
-7.4781
-11.5109
-9.9385
-6.3269
-4.5683
15.3475
5.9627
5.8965
8.5783
5.5227
5.6671
14.9788
17.5506
6.9128
2.772
8.4642
10.0537
9.8907
12.1145
12.3763
8.1991
5.8465
4.0059
7.5057
16.4734
14.2032
4.415
2.9863
7.3156
5.4171
4.1291
14.2604
15.8963
5.8966
1.8339
7.0937
8.9001
7.9432
8.6102
9.4166
8.3952
4.6171
3.7031
7.292
16.6301
8.6578
3.0584
-7.1482
-1.1614
6.4598
3.8163
2.2986
5.503
3.9229
-3.9302
-2.342
6.271
8.7085
7.7437
1.9168
-2.8877
-0.11038
1.1281
-1.8891
3.9247
9.4481
3.0433
-7.6596
-2.2884
3.9107
0.99912
-1.1106
1.9322
0.053611
-7.1584
-6.7693
0.67893
5.2567
4.8788
-1.5458
-5.5102
-3.5696
-0.47892
-1.7792
3.4482
-1.0532
1.1974
-5.4798
-6.3724
2.9496
8.6897
3.4971
-1.5984
-2.3701
-3.0584
-1.9502
1.804
5.4296
8.4974
5.4676
-4.3131
-3.71
6.9551
8.3431
1.2237
4.0951
6.6009
-0.29265
-4.4096
6.5653
12.4315
7.0936
0.72893
0.033789
-1.1234
-0.30202
0.80727
3.2641
6.2878
3.3182
-4.4065
-6.9494
3.0472
4.1705
-1.8249
-2.6005
-3.0106
-0.059937
-2.9191
1.2408
7.6587
8.4244
3.1819
-1.8192
-1.6077
1.6367
7.0174
3.4441
0.19186
2.4884
1.1406
-5.4911
-0.6993
10.508
5.535
-5.0763
-4.2224
-2.7291
-6.9475
-3.1092
2.6167
3.1069
-0.7514
-6.2792
-7.4617
-2.5695
2.8619
0.81885
-2.9671
-0.63928
-2.8315
-8.0882
-1.1026
11.1292
6.1221
6.3489
-2.6874
1.2476
6.599
7.574
6.2677
6.9008
6.1023
4.7013
3.5069
4.2891
12.2983
13.5543
3.8022
-0.65464
6.0675
6.8955
3.9843
11.2617
17.3318
8.998
-0.54866
2.7666
7.6333
7.8186
7.746
7.0646
5.1951
4.6464
1.3093
2.573
11.6086
12.8521
2.285
-2.2238
4.4408
5.3274
2.1975
8.4368
13.5688
6.3454
2.4803
-1.296
4.233
8.7348
9.6663
3.2594
-3.19
-1.0625
3.0328
1.0791
3.616
9.8377
5.661
-5.9645
-6.0075
3.5356
4.57
-0.27406
3.9697
3.6556
-0.57741
-2.7881
2.3726
7.8651
7.1221
3.7344
-3.4291
-1.1402
5.1647
3.7994
7.0597
12.682
8.9516
-3.5463
-0.77607
6.9527
7.7199
3.8269
7.4695
-3.8022
-4.115
-3.2631
-2.6336
1.667
3.6084
-0.18047
-7.4455
-12.6787
-6.0659
1.0007
-4.5078
-4.5525
-0.58113
-3.9834
-11.6457
-5.0893
2.9502
1.0576
-4.2631
-6.6588
-5.4674
-4.5517
-1.3795
1.6156
6.5777
3.0491
-3.3391
-8.0218
-1.0864
4.1943
1.2751
0.9247
5.0208
1.1408
-6.4074
-1.7855
7.6037
3.2831
-4.3718
-9.8584
-9.4651
-7.6032
-2.3628
-3.2393
-2.7322
-2.2883
-4.4642
-10.9455
-9.7684
0.56403
2.2147
-8.0165
-9.5535
-4.1802
-8.8972
-8.3985
-0.50757
4.1498
-3.2616
-10.6859
-9.9454
-7.857
-3.1682
-2.2498
-3.9146
-2.3658
-3.2582
-9.8263
-9.0859
1.613
2.6438
-8.01
-9.2917
-5.0234
-7.4659
-8.7056
-0.95017
4.3287
-3.315
-0.34028
-3.2177
-0.34275
3.2393
7.1435
3.9575
-1.3359
1.4136
2.2416
-0.07395
3.9312
11.9678
7.4038
-5.3102
-4.0911
2.4351
-0.3214
-0.63091
5.3574
4.2987
-4.0151
-7.8804
-5.1093
0.90131
3.0485
-1.4073
-7.3489
-3.1604
-3.1412
-6.0812
-1.6575
5.9281
2.6814
-9.4737
-7.6747
-1.1192
-1.748
-0.94009
4.8249
6.27
1.5977
0.094491
1.7389
5.389
10.2141
8.88
-0.92061
-4.2186
1.0354
4.7814
-0.21439
5.3943
10.5309
1.289
-9.4703
-3.862
2.7904
0.95811
-2.4728
1.0476
-2.0378
-5.2338
-4.1082
-1.9731
4.2192
2.5702
-4.5722
-9.2572
-3.0509
0.34853
-1.5842
3.2117
8.2512
-0.97184
-8.2745
-2.751
6.8605
4.5743
2.8912
4.2573
1.8784
0.93658
2.3127
5.2212
8.2135
9.7146
6.6427
-3.4626
-1.1338
5.8641
6.7079
1.4905
5.9029
6.2121
-3.5567
-4.9137
3.3997
8.1015
1.6505
-1.3342
-1.437
-3.3689
-1.2493
1.3416
3.6062
6.3639
1.9038
-7.3931
-6.4617
4.2976
5.8802
-0.29922
3.3015
6.745
-2.943
-3.1761
4.5291
10.2603
5.3236
1.7443
-4.4317
-4.9586
-1.3651
3.2561
3.9647
3.9578
4.6857
-1.592
-8.7268
-1.3377
7.2361
4.8046
-2.0392
0.18103
1.6358
-3.0005
-1.177
7.9632
9.6178
-0.15714
-4.593
-2.536
0.67671
4.1789
6.6793
3.9117
6.3359
1.9215
-5.325
-0.60265
8.305
5.0403
-2.4422
0.88347
1.8082
-3.2698
-0.79159
8.5517
9.4227
0.11208
-8.6739
-9.6681
-6.163
-2.9978
-1.1705
-3.627
-6.6607
-5.1017
-7.7487
-9.5157
-1.0176
4.6959
-5.0455
-12.388
-8.0611
-5.9752
-7.1528
-2.2399
4.6625
-1.7992
-9.8185
-10.8718
-6.4659
-3.2848
0.64394
-4.426
-3.2016
-4.4117
-6.4805
-8.0959
-0.3678
4.7136
-3.9823
-11.8376
-6.8772
-3.5325
-7.7053
-3.7784
2.8496
-1.0935
3.4353
-0.61955
2.9655
6.8683
10.207
7.7829
2.9098
3.0876
5.3728
3.3046
4.512
12.1874
10.5675
-0.70496
-4.7093
1.9322
3.9524
1.1376
3.7342
7.9394
0.10697
-6.016
-3.3102
2.424
4.3232
2.3688
-3.2626
-4.1517
-0.23003
-1.7532
0.64175
7.4156
9.7277
-2.9313
-6.6314
0.78613
4.6886
1.8614
6.4546
10.8276
2.3377
-3.9501
-6.2564
0.94778
5.7232
5.536
-1.825
-5.7171
-4.3871
0.44874
2.5401
1.9911
10.5291
7.0187
-6.6524
-5.8336
5.6944
6.2473
0.96495
3.9855
3.8407
-1.8996
-3.0127
4.6561
7.3544
8.1461
0.56969
-4.1149
-2.6489
1.5422
1.4912
1.0441
8.1078
3.841
-6.356
-6.701
1.5144
3.0433
-2.9722
1.3675
-2.6027
-1.7463
-6.6992
-3.3485
3.3872
4.1666
0.79777
-6.2393
-9.797
-6.345
-0.65752
-2.5755
-2.7216
1.4503
-5.0027
-13.4401
-8.4771
1.0646
-4.431
-6.5117
-5.3783
-6.6366
-9.5774
-7.3846
0.49996
2.5575
-1.6119
-8.7467
-10.5366
-5.7892
-1.2283
-2.1916
-0.70475
4.1713
-1.3442
-10.9166
-3.8904
5.5226
2.5297
-3.8475
-9.7092
-6.136
-7.2148
-10.2929
-3.5952
3.3197
2.1377
-3.7118
-8.1558
-7.3439
-1.2212
1.017
-1.2614
-1.7524
-0.32308
-6.6611
-10.1598
-0.9013
5.4584
-2.5626
-8.6969
-6.358
-6.5468
-9.3015
-5.0171
2.219
-1.464
-6.4389
-11.6442
-10.1888
-6.3767
-3.7384
-5.662
-5.5438
-2.1899
-9.865
-12.5252
-5.0747
3.4671
-5.1943
-2.0366
-6.0125
-1.0552
-3.493
-4.065
1.6618
6.6461
1.0186
-4.4295
-5.3255
-2.5185
2.8828
2.1265
-0.24432
-0.93791
0.29119
-4.8725
-3.8008
7.3389
9.8138
-1.9951
-5.011
0.89649
-0.72523
-1.2832
4.747
9.0767
4.7967
-1.5869
-1.9561
2.4545
6.6348
5.1607
2.4713
0.29439
1.0391
-4.4662
-3.0213
6.8553
10.1962
6.8252
-4.7924
-3.3649
2.8487
-0.39048
-0.91787
7.1543
7.5073
-0.38973
-4.4159
-2.1783
3.661
4.1918
2.4966
-1.9851
-3.1387
-2.6878
-5.6324
-2.0608
8.1103
4.3215
-9.009
-7.222
-3.8784
-5.1371
-5.7377
1.462
2.1875
-6.4894
-8.9996
-4.9789
-0.84682
2.5695
0.34931
-4.1202
-5.2074
-2.7755
-4.8885
-0.99923
10.1898
14.2076
6.6368
-2.9613
-0.6701
3.7816
0.97664
-0.4102
6.2385
3.4773
-7.6116
-5.6399
2.1233
2.6079
1.7036
-0.22797
-3.7441
-5.7719
-4.3993
-5.0861
3.0972
7.5058
1.3045
-6.8075
-2.1373
3.8623
0.023295
1.2641
8.486
6.3494
-2.4197
-0.88632
6.6718
10.5755
8.7612
5.2939
2.8377
1.8365
2.738
1.6037
8.6159
8.8941
11.6415
3.3177
-1.7778
4.7108
7.7567
3.6728
6.4351
11.9184
4.6144
-3.4826
3.3204
10.9348
10.1828
5.6332
4.8731
2.2622
-1.1117
-0.18311
3.3362
8.6297
8.2291
0.86184
-4.8577
0.9142
4.9693
1.8949
1.1803
7.0814
1.3426
-7.4223
-1.1161
8.069
7.0391
3.4789
1.7289
0.12806
-1.7001
-0.87161
3.0025
4.3569
5.8959
3.937
-1.9627
-3.4114
3.2963
4.8359
1.0696
2.6922
5.0945
-3.2205
-7.394
2.7613
10.484
5.7746
2.2792
2.8801
0.90667
-3.4711
1.2732
6.9821
8.0426
6.493
-0.62724
-1.1543
5.0486
7.9236
2.5969
5.0173
6.2136
-1.9558
-5.7525
3.7155
10.7814
5.4676
2.0946
2.7191
-0.79049
-3.4583
-0.76714
-1.159
5.4188
2.8507
-2.7369
-6.7761
-4.3525
1.5064
1.4731
-2.5528
-0.81522
-1.12
-11.3209
-11.5971
-0.8483
2.5056
-3.7169
-6.7809
-5.6535
-10.4356
-12.3366
-6.2243
-0.49003
-2.9219
-8.0169
-10.8282
-8.985
-3.1868
-2.2849
-5.4084
-3.7582
-3.893
-11.2664
-12.1605
0.66149
4.9308
-2.7925
-5.2581
-1.695
-5.3065
-9.1418
-2.8173
6.9186
7.7488
1.5843
-2.9289
-2.3001
-0.047897
2.0013
0.71571
1.2142
-3.4085
-6.3515
-13.2981
-8.9286
0.41514
-0.033351
-7.6022
-6.2741
-4.2155
-9.9625
-11.6149
-2.8471
-0.083433
-5.336
-10.5955
-6.6203
-3.8053
-0.83127
0.48544
0.5841
-0.88821
-3.8887
-9.1709
-3.6344
6.9107
7.806
-0.044659
1.3183
3.38
-2.4019
-8.4092
-5.4323
5.8398
2.6453
-8.0552
-8.1501
-2.356
-0.89058
-0.04092
3.549
3.1458
-1.2933
-4.514
-4.9873
1.3311
7.7561
6.4859
-0.55098
2.7321
3.5354
-3.3878
-0.88742
10.1502
6.8181
-3.3041
-1.8131
1.8681
1.1152
1.8222
5.7975
3.9855
-0.64301
-6.9928
-7.9966
-1.39
5.1883
2.3949
-4.4196
-1.0748
-2.3226
0.035401
-2.7295
2.3635
10.592
3.5552
-4.757
-1.5213
2.9908
0.96206
2.1057
8.0106
6.6744
-0.47842
-5.3845
0.42436
5.804
7.9548
7.4802
5.7429
5.6318
4.1302
0.44667
5.4186
16.042
8.3406
-0.49865
2.645
8.2941
5.0652
6.1562
11.9609
10.1296
0.18397
-2.7097
1.1
4.4029
6.8466
4.3146
1.2103
3.3425
-4.0015
-5.18
-2.0165
4.565
7.6081
1.1425
-6.0868
1.0237
4.0708
1.4524
3.0255
12.6637
5.1368
-4.7569
-3.8783
2.2131
3.8491
4.5655
4.7989
3.1344
-1.2161
-2.7838
-2.7708
3.5771
6.5783
-2.0294
-8.7739
-4.3461
-0.8393
-4.8951
-0.2003
6.4667
-1.279
-10.818
-8.1394
-0.90034
-0.36335
-0.70568
1.4785
-0.10164
1.1842
-6.3447
-5.7363
1.2091
2.0719
2.2841
-3.4025
-5.9324
-2.7999
-2.1674
-2.2347
4.164
6.7683
-0.70637
-10.8959
-5.0559
1.2603
-1.5638
-1.1915
3.7615
-0.11672
-8.9159
-6.4035
-0.73765
2.9713
-0.075244
-5.1635
-8.3952
-4.4417
-4.5284
-4.6022
1.5071
6.9981
-3.1723
-12.0382
-7.9283
1.1884
-1.6845
-0.1381
3.2681
7.8611
0.27711
-8.4189
-0.44643
4.793
2.2581
1.1688
0.19496
-2.0211
-3.9227
-1.1391
2.5534
7.605
8.2645
-1.7165
-5.1062
-1.0014
2.328
-0.99491
2.1474
7.7538
0.7582
-8.4991
-0.35943
5.0338
4.6893
1.4794
-0.54181
-2.0274
-0.95944
-1.952
2.5133
7.0176
7.6409
-1.7483
-7.3304
-1.6742
1.4142
-1.2846
2.0364
4.2032
6.2843
-3.946
-10.5982
-0.80977
4.3163
-1.385
-3.7346
0.017301
-4.31
-10.1618
-5.3248
4.0027
4.6852
0.27535
-3.8494
-5.7485
-3.4433
-2.5568
-1.1415
4.3144
7.421
-3.1346
-7.9818
2.1758
7.7186
1.9503
0.30436
4.2468
-1.3363
-5.5807
-0.17431
5.2242
8.5504
2.6469
-3.0705
-3.0952
-1.3299
-0.0408
-0.73332
6.986
8.5137
4.5545
-2.3475
-3.2298
3.4181
2.8131
-0.30908
0.4117
1.7186
-6.7477
-9.8978
0.13669
7.0679
2.1074
-1.3135
-0.80877
-3.1944
-6.0991
-2.4998
4.718
7.4721
4.6279
-1.9362
-3.3314
4.6377
6.3747
3.5447
5.4924
7.9116
-1.4819
-4.2365
5.0656
13.3397
7.4891
3.2609
3.7709
0.38286
-1.3431
0.44087
0.076262
7.6496
4.6352
0.116
0.71384
0.06909
0.31304
3.3106
3.3228
6.1341
4.8084
-4.5969
-5.2806
6.2745
8.4252
2.7125
2.8561
4.558
-3.5371
-9.105
-1.808
7.1519
3.1958
-1.7429
-3.28
-3.0049
-3.3768
-2.5038
-1.4006
0.73458
-1.4336
-9.3819
-8.42
1.0403
5.6211
-0.3192
-1.4223
3.433
-3.7442
-9.4144
-9.2683
3.3836
8.2136
1.3678
-0.90585
2.9531
-1.3379
-4.5356
1.7505
6.4049
2.8995
-3.3632
-7.1127
-5.5124
-0.5111
0.6727
-2.8429
-1.2286
-2.8107
-11.7196
-14.6803
-3.6013
0.4527
-6.4301
-7.6311
-3.5408
-8.5933
-12.5845
-4.0403
0.44745
-2.3238
-7.4041
-8.411
-6.5381
-0.2066
1.3734
0.4059
2.2148
0.29118
-6.8238
-6.3463
-3.6869
3.6987
5.6677
0.21626
1.7114
3.3366
-5.0364
-8.8659
3.0041
6.3494
-2.287
-6.831
-6.2874
-3.9025
-6.1988
-1.1688
2.9002
-1.3658
-7.4666
-10.8347
-6.306
-1.7437
1.0908
-3.7339
-0.89458
0.44661
-6.446
-8.8565
2.2045
7.6249
-0.35677
-4.5496
-0.60973
-1.3536
-1.5087
3.8091
6.6323
4.8178
-2.6848
-4.8881
-4.1995
-2.4759
-2.533
1.4824
1.9192
3.3743
-1.0519
-7.0185
-5.2755
3.0868
4.0023
-2.6316
-2.9411
0.92179
-4.3575
-6.5666
2.9464
7.9992
-0.91689
-5.9066
-3.7498
-1.515
-2.305
3.3982
5.5876
5.0461
-1.0242
-4.7192
-4.7243
4.3843
6.1309
0.1702
-0.36244
2.3652
-2.4819
-4.1353
5.9737
9.3319
1.6272
0.56152
-2.5424
-0.089095
-3.1924
-5.4808
3.1748
9.2443
1.9388
-6.3928
-4.0609
-1.785
-0.63255
-0.11449
0.58369
0.8672
-1.7373
-8.1859
-4.925
4.2677
7.6907
-0.84612
-3.3203
-0.075076
-3.6631
-6.0083
4.9756
10.154
2.4294
-3.3755
-3.6132
-0.68556
-0.30952
2.5732
3.0412
3.9448
1.8658
-4.5428
-3.7925
6.5297
9.0486
4.2949
2.0291
0.22021
-1.0433
-3.5279
-4.2041
7.1711
8.818
1.6576
-2.6131
4.0951
-1.7193
-3.4873
4.9901
9.6874
3.302
-1.2483
-0.45782
2.7788
5.2417
6.2241
4.9507
2.2268
0.68674
-5.1584
-3.2584
7.139
12.2618
1.7092
-2.6033
1.9477
-1.2426
-4.1561
1.8399
9.1334
2.836
-3.877
-3.6552
-0.63263
3.463
-6.3424
-0.061878
5.5493
-0.4961
-6.9721
-6.4654
-1.5595
2.4607
3.0442
1.3929
0.070059
-3.5245
-7.4664
-8.8151
3.2775
7.793
-0.8295
-5.8554
-0.82396
-1.8538
-5.8402
-0.7496
4.1084
-1.9903
-6.9835
-7.5974
-2.4419
0.50127
1.5221
-0.36319
-1.6786
-4.2112
-10.1083
-10.0563
1.5001
5.7181
-2.3803
-6.2149
-1.0585
-2.0773
-3.4715
-4.5001
4.2701
8.8089
-0.58939
-6.354
0.0026577
-0.76073
-5.3221
0.31191
5.6989
-1.7418
-9.2713
-10.8591
-7.6026
-2.5243
0.59334
-2.6695
-4.1511
-3.1893
-8.5115
-10.3966
-1.0813
5.3114
-3.5082
-9.5081
-4.4736
-1.5502
-4.2215
0.81678
6.9935
1.8733
-6.1958
-6.5969
-1.1945
3.2953
4.5832
2.5401
2.0479
2.1137
-5.1393
-9.3195
-3.8152
0.54431
-1.8888
-4.6227
-1.883
-3.9378
-9.3642
-8.2307
0.38621
2.7435
-4.3738
-9.8293
-6.7862
-4.2266
-3.0395
-0.52607
3.8587
4.1991
-5.9265
-8.6072
-1.6063
4.206
2.8939
1.3293
2.8828
2.9193
-2.3706
-0.67932
7.4399
9.0617
1.6698
-2.8039
-1.0262
0.32938
-1.0586
1.0383
8.7076
4.8155
1.8138
-3.712
-4.8963
-2.2721
-3.5366
-1.7572
4.6258
4.228
-3.2663
-8.6969
-1.0965
2.9428
1.0621
-0.54217
0.22895
-0.1804
-4.3992
-3.1422
5.3257
9.9705
3.7139
-3.639
-1.2428
0.17499
-0.12725
1.0091
8.8237
5.6574
-0.48253
-3.6478
1.742
6.8527
4.8247
-0.46593
1.9867
0.57813
-4.1432
-1.8315
6.2619
8.9945
4.063
1.7533
1.9141
0.71442
-5.4348
-4.301
3.8806
8.4825
3.2563
-5.3576
-3.2798
-2.3325
-4.5154
-1.9747
2.7301
2.026
-6.9065
-10.5525
-4.5337
3.4418
0.99064
-0.98062
-2.1263
-2.5238
-7.155
-7.192
4.0782
7.0892
1.6583
-2.077
-3.6724
0.0083356
-1.1188
-0.36117
6.1402
6.2751
-1.7078
-5.7479
1.3026
6.2614
-3.6571
-1.9654
4.0698
4.7579
-4.2561
-8.7965
-1.7635
4.3505
4.709
2.5251
3.251
0.50173
-5.5905
-5.3882
4.3336
8.1757
2.4199
-1.4916
0.23407
0.17316
-2.5355
0.016055
3.8318
3.1576
-3.3416
-8.271
-3.2165
2.0984
1.9362
1.3316
0.83335
-1.8587
-8.3869
-7.7669
-0.17055
6.1267
0.43155
-2.7791
-4.7667
-1.7458
-7.812
-8.2993
0.7629
4.7014
-0.83707
-5.4122
-4.2624
-3.2171
-5.4128
-3.1228
2.3363
1.6631
-8.1119
-13.4915
-9.5471
-3.7514
-4.639
-7.0292
-5.2333
-7.5925
-16.3136
-17.2159
-8.2178
-4.9041
-9.7827
-12.9897
-11.2297
-7.9478
-10.4211
-7.0773
0.92299
-0.62986
-9.5982
-14.7657
-7.9498
-1.1787
-2.0969
-1.0208
2.0434
0.28107
0.40595
-4.2124
-1.1825
3.1411
4.8491
6.0843
10.3041
8.3077
0.33155
0.25967
6.9291
12.7594
8.0441
4.8192
6.5055
5.8015
3.3992
7.0288
12.5496
14.3873
6.1964
-0.24354
2.5333
5.8787
4.8293
4.7701
10.3542
5.9372
-0.080433
-2.0899
4.6717
9.0031
2.6663
0.55612
-0.50819
-2.6702
-2.2892
0.62402
7.8107
9.9216
2.7159
0.081999
0.4492
-1.6753
-4.2035
-1.7026
7.8543
9.4903
4.2133
-2.2667
0.69883
1.7171
1.2066
2.7321
7.6632
4.4384
-3.8938
-4.2591
3.5634
7.5795
3.8528
1.6289
1.8834
-2.2153
-6.3883
-1.555
6.9849
8.17
1.1081
-4.342
-1.0238
-0.41491
-1.4279
0.5335
4.0866
2.4952
-4.446
-4.3987
2.1789
6.1397
-3.5187
-1.2525
4.0355
0.49035
-7.6337
-8.4048
-0.54603
3.3308
0.40391
0.16942
1.0827
-3.4464
-9.5954
-5.0631
3.4695
7.0067
-1.186
-2.0777
-0.085417
-0.32961
-1.4169
1.7871
6.8391
3.7198
-4.5061
-5.2293
1.9015
6.6703
5.1347
5.4051
5.3923
-0.79348
-5.5126
-2.76
4.8792
6.2159
-0.0085588
-2.5979
-0.94784
-0.52965
-3.8196
0.88975
7.7142
7.4158
5.3421
2.6953
3.8027
1.8094
-0.33154
3.7424
10.568
6.8617
-1.6927
-4.442
1.2562
3.734
2.7358
4.5626
6.5456
1.7448
-5.9317
-2.8974
4.9655
7.6207
3.1772
1.3677
2.8161
0.82975
-0.33057
4.9563
11.0347
7.5758
0.022332
-2.8745
2.382
6.3375
4.6855
7.4771
10.8983
4.0421
-1.0429
-2.587
-0.62274
0.096167
0.30909
5.6169
8.6719
3.9702
-4.2152
-3.1847
5.3691
5.3066
2.7726
2.0113
4.3277
1.8995
-1.6221
5.0988
12.5677
9.5764
0.98866
-0.075875
2.4533
3.9965
3.2133
8.7538
11.3732
6.1756
-1.0106
0.41508
7.9216
7.3732
4.8797
5.7258
6.0746
0.97843
-2.1847
5.1338
11.2793
6.5035
0.59114
3.2258
0.94951
-4.6174
-8.9437
-0.9482
7.8935
3.6782
-2.3704
-1.9624
-3.154
-5.9995
-5.3463
3.8637
6.3908
2.0198
-5.6262
-3.7183
1.107
1.0899
-0.55895
0.64532
2.7223
-6.0276
-7.7828
-1.7554
6.183
5.8169
-0.49036
-2.0121
-0.025711
-5.4555
-4.3872
3.2531
8.0847
2.2365
-5.2447
-3.5872
0.47575
1.6326
-2.1812
5.3758
9.6751
5.1857
-1.3242
0.65699
2.4069
1.9835
2.9962
8.4415
6.0834
-2.5159
-4.8133
1.7008
7.1923
6.5723
4.7794
5.4255
2.4372
-3.9558
-3.0629
4.5513
9.8362
3.3636
-1.0385
1.3509
2.9101
1.0837
3.0785
8.2811
6.4335
-2.3019
-5.8239
0.66926
7.0432
6.6642
4.693
5.8927
2.5207
-2.102
-5.3924
-2.0883
1.911
0.1913
4.1516
7.2806
1.9604
-6.7869
-6.8899
1.6476
5.3963
-0.28469
-1.9069
-0.25151
-3.1235
-4.0659
0.50771
6.3076
5.7207
-3.969
-9.283
-3.3588
0.042476
1.5881
0.66229
5.7599
0.70876
-5.9983
-6.9966
3.0327
6.2373
1.0886
0.035319
1.4167
-0.56021
-3.317
2.1829
9.2749
7.9745
-0.87295
-1.0915
-0.95088
-4.9732
-9.7274
-4.4682
4.5426
3.3807
-4.7704
-7.063
-6.3621
-5.8835
-6.4356
-0.50177
4.5824
0.26163
-8.5636
-6.8315
-1.9279
-1.0882
-1.1559
-0.22782
-0.32698
-4.2036
-8.2875
-1.0225
6.2003
5.1277
-2.5355
-4.4853
-3.1189
-4.1165
-5.1153
1.2785
7.7235
1.9921
-5.8271
-6.0717
-0.75233
0.42016
-2.006
1.5849
7.6734
4.6255
-2.3455
-2.0655
0.4322
-0.35937
0.20108
3.5831
5.3873
-1.7278
-6.8397
-2.4626
6.239
5.7858
3.1156
2.9273
1.0641
-2.8945
-5.6469
3.1938
8.5526
6.2434
-2.4195
-1.5099
1.6317
1.489
1.5744
5.9357
5.9161
-1.9867
-6.6305
-1.3328
6.3229
5.5284
2.4408
1.9605
-0.22419
-5.8736
-7.4201
-4.7055
-0.74727
-2.5289
0.411
5.2304
1.005
-8.946
-9.1566
-1.51
3.2637
0.50797
-0.60349
-0.63955
-0.71764
-6.5282
-1.355
5.2544
5.9157
-0.88609
-5.0184
-1.5614
1.5879
-0.0084096
1.5698
6.5956
2.5893
-6.7812
-5.7545
-0.4367
3.8027
1.1338
0.097959
0.36197
-0.65455
-6.52
-2.268
4.9039
5.0153
-3.0774
-8.7672
4.4657
-1.5021
-6.1366
-2.6503
5.0096
4.3338
0.11227
-2.7496
-1.0966
-4.8843
-5.5638
2.1712
8.575
4.8008
-5.3681
-6.389
-2.2186
-2.3196
-1.6296
1.5877
3.0964
-2.3669
-9.1004
-6.1203
2.1943
3.405
-1.2819
-4.9933
-3.374
-6.0485
-6.6411
-0.085451
6.5552
2.1401
-6.2488
-7.1527
-2.5352
-1.1524
-1.9828
2.4638
12.9641
10.3118
7.3644
5.2634
5.4016
0.023172
2.7481
9.7399
11.1614
5.0151
-1.0748
2.1993
4.3935
4.5594
1.8425
4.6973
3.1096
-3.0982
-7.1969
2.5096
7.9559
4.7095
0.064789
0.74732
-0.094595
-2.4847
-0.62536
7.0704
10.7496
3.6166
-0.33192
2.522
7.2565
7.3628
7.6288
9.5682
7.4737
1.8566
-0.66238
8.4371
0.20644
-3.126
1.8738
8.3896
3.2968
-4.8405
-5.4896
-1.1378
2.4888
2.0885
3.9053
4.5565
-0.1942
-8.2455
-5.3453
4.3734
4.4964
0.37649
-2.4783
0.78449
-1.8318
-4.3844
0.96812
6.4855
4.3001
-5.4958
-7.8679
0.84715
2.2937
1.8809
3.4789
4.647
0.21469
-6.6936
-4.0454
4.5115
6.0124
0.99402
-0.85639
1.7601
-3.8834
-9.676
-8.4251
-1.4829
-2.1082
-0.70232
2.5464
0.9279
-4.0761
-6.2005
1.3811
6.9731
4.8438
-0.62746
-2.1938
-0.80774
-2.9959
-0.81995
5.7481
8.3473
1.0472
-5.3171
-3.1315
-0.33848
-1.7963
-1.1667
1.8074
1.5861
-5.5169
-10.3516
-2.8396
2.2814
-1.4504
-6.9926
-8.7629
-5.9305
-8.4146
-7.138
1.6497
3.9714
0.24889
1.9486
3.0321
-0.45969
-7.9831
-5.3439
3.6848
6.4731
2.1389
-2.4325
-0.80598
-2.1397
-7.2222
-2.0999
5.9946
4.7875
-3.3796
-5.2704
-1.0384
2.0169
1.4079
2.0698
2.4682
-0.95911
-6.5796
-5.5017
3.0655
7.9396
3.2079
-1.3965
-0.87747
-3.0738
-5.8105
-0.11852
5.6053
6.3323
-2.308
-4.5931
-0.29255
2.2178
-14.8553
-8.682
-2.5481
-2.9434
-5.3741
-6.1987
-5.7078
-6.7828
-8.6174
0.0058284
2.6195
-2.4053
-9.5766
-8.6179
-2.791
-1.5612
-1.2437
2.7626
1.8148
-6.7001
-12.1105
-6.2399
0.24159
-0.11987
-4.097
-4.3688
-4.9408
-6.839
-8.7829
-2.0981
0.3581
-6.4929
-13.7846
-11.8715
-7.0169
-5.1639
-5.4933
-2.0954
-3.9262
-11.4567
-1.2468
-0.74648
-2.7881
-5.8175
-0.6859
6.8061
7.8124
-1.5267
-5.5958
-2.2689
-0.86359
-3.5663
1.5902
3.7481
1.4064
-5.8891
-5.6907
-0.023165
3.4298
-2.6268
-3.3574
-3.4711
-4.7005
-7.7844
-4.0375
3.5296
4.409
-6.9383
-9.8
-6.7136
-4.7246
-5.7346
-2.2723
2.97
-1.2697
-9.1761
-8.1166
-0.37028
3.031
-0.46122
0.35076
5.5361
0.76272
-6.0248
-6.1889
-3.706
-3.8518
-5.2282
0.54838
1.1098
-5.6545
-9.702
-4.9664
2.8658
2.5852
-0.15442
-0.095709
-0.87695
-7.1201
-7.158
0.80722
6.2868
1.5879
-5.447
-4.6359
-1.9818
-2.2811
-2.3883
0.948
1.8616
-3.7456
-10.9926
-3.2991
3.7261
1.5678
0.3128
-0.92053
-2.5328
-7.5444
-9.1529
-4.8583
-4.148
-3.805
0.74687
7.3927
1.1104
-7.5463
-6.6066
0.21369
3.0516
1.5295
5.376
6.2705
1.5287
-5.763
-1.6509
5.7974
6.5953
0.66144
-2.6497
-0.39791
-1.3668
-1.8745
1.1821
6.3038
2.0993
-7.2456
-8.5004
-3.0386
-0.62241
-3.0758
-0.5401
-0.29412
-5.0687
-11.0046
-7.0118
0.38841
1.1896
-4.7815
-6.2753
11.406
3.585
-1.6615
1.4103
4.327
2.756
4.2606
8.8018
5.4011
-2.1681
-3.0278
5.2152
9.1329
4.5023
1.5511
2.3193
0.85002
-2.0029
0.96593
9.4103
11.8662
3.9798
-2.3066
1.102
4.8198
3.6405
5.7159
7.9594
7.8615
0.30138
-2.911
5.5066
12.0715
6.5807
3.1164
3.6075
2.2303
-0.83431
2.7287
10.1893
-1.6498
-3.2753
2.8122
3.7678
-3.6134
-10.3143
-6.4256
1.9662
1.8272
1.2375
0.98936
0.64363
-3.6628
-7.5004
-0.61797
7.4179
5.1477
-0.74253
-0.65627
3.4673
2.2513
3.9946
6.7861
9.459
1.6318
-4.2889
-0.59319
5.995
8.2918
3.8715
4.3899
3.4089
-2.2363
-4.9698
1.0776
5.4726
3.8927
-2.4451
-3.6699
-1.1918
-8.9235
-11.2873
-6.6042
-3.6192
-4.69
-2.706
-0.51146
-3.9784
-9.9355
-6.7805
0.68139
2.9166
-2.8306
-3.6085
-3.6338
-2.1123
-4.323
2.1321
8.0629
4.7909
-4.6446
-6.6256
-1.3818
2.0552
0.78144
2.5144
5.5848
-0.94616
-7.8622
-5.6469
2.5832
3.7687
-2.8755
-6.0536
-3.9222
-5.2338
-6.4703
-1.5517
2.2876
0.5963
-3.2224
0.66488
1.3817
-7.3585
-9.6199
-4.3677
1.4107
-0.15501
-2.7689
-2.9805
-6.0405
-11.7003
-10.2069
0.0013412
4.0339
-3.6242
-6.1752
-4.6126
-3.3702
-5.0863
-2.1183
3.0283
0.70838
-8.0895
-9.5956
-1.0216
2.8784
1.3302
-1.0982
-0.96977
-3.9803
-8.7777
-7.5971
2.6848
5.4596
0.018083
-6.0745
-5.2551
-3.5008
-4.1414
-1.6443
1.4388
3.6514
4.3808
6.0043
5.4162
-2.5564
-7.8383
-0.66576
5.3704
2.4073
-1.4134
-2.8
-0.25993
-4.4167
-3.5711
4.0002
5.4152
-2.2153
-8.3138
-8.1801
0.17908
1.9082
1.5491
2.7698
3.9086
-3.171
-7.2427
-1.661
4.2119
4.5872
0.69933
1.8374
2.7989
-0.70209
0.29838
6.1275
9.7255
3.0216
-3.7642
8.923
4.5619
-3.5314
-2.7235
5.1926
5.0536
2.9351
2.601
3.1707
-0.99377
-4.1269
1.1166
9.8333
8.3212
1.8721
-0.34835
0.90626
-1.0823
0.81889
6.4577
10.088
4.6713
-2.1039
-1.8427
5.1735
6.1083
3.1433
3.2596
2.9526
-0.45732
-4.1775
4.0167
10.5648
7.8114
1.5274
-2.1285
0.069966
-0.72213
-1.2427
5.7379
-2.7343
-4.4257
-0.48499
1.3271
-4.47
-12.6123
-11.7683
-1.2066
1.9281
-2.9728
-3.69
-3.5667
-6.5213
-9.9572
-7.7413
0.85975
0.52208
-7.8698
-9.8417
-5.0765
-3.7122
-3.5804
-2.524
0.24125
-5.3623
-12.7669
-11.7052
-2.8993
0.24182
-1.8978
-3.5259
-2.8554
-6.7779
-11.5359
-6.851
0.72795
-0.46161
-7.6076
-8.9807
-4.85
1.8237
0.22211
3.5517
4.5131
-0.92661
-2.1557
4.2821
4.6591
0.94687
-0.46587
2.5435
3.2379
-3.6479
-4.5678
0.013499
0.82537
-3.4077
-4.2459
0.52895
2.8056
-3.3879
-4.7254
-0.50021
-0.61037
-3.5904
-2.0932
2.8308
3.3791
0.32809
-0.27218
3.5135
3.5565
0.41329
-1.4276
2.9741
5.2983
1.5515
0.39545
5.0087
6.567
-1.1166
1.6625
4.4789
-0.55195
-2.2801
2.0768
5.498
0.6046
-0.64613
0.85706
2.7377
-1.037
-3.2857
2.4151
6.0171
2.0435
0.5264
3.1669
5.5304
1.8994
0.071616
3.8747
5.8475
2.3536
1.7825
6.6945
10.0738
4.9566
2.1974
7.0612
8.1055
2.2631
0.0060511
5.8646
7.3851
3.4954
2.351
5.4238
7.0606
1.7474
-2.5786
0.97684
-1.5552
-4.7005
-1.0268
2.1059
-3.3289
-5.6913
-2.3638
0.85892
-1.5372
-6.6094
0.28452
2.5913
0.49159
-3.3693
-0.15804
3.2118
-1.0708
-4.2344
0.24076
3.8372
1.2805
-2.2576
1.2303
4.3354
-0.018293
-3.677
-0.41042
1.9478
-1.7738
-3.8231
1.8016
3.0257
0.30168
-4.4836
-1.1478
0.61557
-3.1624
-5.7285
2.3378
-1.0468
-4.9395
-1.1994
0.056584
-4.4169
-8.5877
-5.1232
-1.4333
-5.3318
-6.5821
-4.1439
-0.98737
-4.938
-9.5693
-4.9866
-2.0807
-5.9547
-7.9269
-5.3842
0.61683
-2.5852
-5.1133
-2.9319
-0.48205
-3.0185
-7.066
-2.6319
2.0428
-2.1379
-3.7963
-0.71075
2.8294
0.7577
-4.3114
-0.61369
1.3096
-3.0699
-7.2758
-2.6075
1.4543
-2.1386
-1.0607
1.3917
-1.709
-5.9098
-1.9545
3.6985
1.5274
-1.2522
0.24523
4.4253
1.3224
-1.4929
0.76344
5.0741
3.5743
1.4726
4.6274
10.0279
5.6306
2.5415
4.5055
8.2584
3.4241
1.4652
3.1204
7.8872
4.5711
0.63816
2.4512
6.7561
1.6061
-2.1161
-0.22376
2.7408
0.55536
-3.4876
1.3974
4.6059
-5.036
-3.7183
-0.13209
-3.48
-6.897
-1.8559
0.3024
-1.8702
-5.9939
-4.5561
-1.2927
-5.2694
-8.7172
-7.2854
-2.7054
-4.3636
-8.699
-5.7141
-2.1463
-5.8383
-9.9121
-7.7274
-4.7744
-5.1117
-9.805
-6.6233
-0.33388
-3.7443
-6.1272
-3.6417
-1.0004
-3.6897
-8.2097
-3.8282
-0.22991
-1.7125
-5.0723
-1.3757
1.0751
-1.6735
-5.4755
-1.8919
-2.1151
-6.5947
-3.7392
0.85103
-3.3442
-7.7573
-4.8567
-0.85835
-3.7629
-7.1282
-4.2125
1.3505
-1.2363
-4.511
-1.9464
1.0285
-0.6474
-4.462
-4.8724
1.4587
-0.26078
-3.1603
-1.056
3.1199
0.36233
-3.9208
-3.4603
1.0283
-1.7772
-7.4461
-2.5076
1.7831
0.58141
-5.9136
-3.2723
-0.36337
-3.0314
-6.8654
1.0043
0.56707
-2.9944
-0.7246
3.1049
1.5697
-4.0202
-0.88701
4.6087
1.8659
-1.3282
1.2862
6.2862
3.9557
0.018758
0.69246
3.5025
0.64053
-3.5014
-0.13845
4.0721
1.5979
-2.6277
-2.637
1.2797
-2.3675
-6.8749
-4.7344
-0.57207
-3.1013
-6.6543
-2.5055
0.27409
-1.2549
-5.4544
-4.3352
-0.48327
-1.7251
-5.7375
-1.8919
0.36227
-6.6013
-5.5219
-0.45524
-3.8278
-8.1983
-5.6111
-2.0177
-3.1459
-5.5342
-4.0602
0.082123
-2.3356
-5.5541
-4.9655
-0.41977
-0.1289
-4.065
-1.5651
4.1498
1.842
-2.3937
-1.7532
2.1503
1.1446
-4.5518
0.13797
5.2137
2.9973
-2.4484
1.5059
4.4969
1.4842
-3.9744
-2.1147
1.3361
-1.113
-4.6774
-2.431
1.6794
-2.3635
0.84484
4.0903
1.5707
-3.0455
0.19618
3.8634
1.1904
-3.9605
-1.5404
0.98911
-1.7633
-5.1472
-2.8493
2.7399
1.7514
-2.1674
-0.012211
4.2327
0.72155
-4.5467
-0.88305
2.9226
0.55201
-2.7017
1.658
5.2865
4.0394
-1.0715
2.528
5.8691
2.7694
-1.5449
1.0428
6.2861
4.8928
0.87351
3.3579
7.1959
1.8647
4.9818
8.204
5.5843
2.8275
6.7774
10.9637
6.561
2.8649
4.844
6.687
4.502
0.27376
4.0754
7.1442
5.6053
2.0195
5.3238
5.9632
2.5779
-0.97429
3.0783
6.3818
3.0327
-0.44061
5.0971
8.3336
4.7789
1.5154
3.9416
6.3088
3.7804
0.59234
4.3613
9.5772
6.4648
2.2269
5.0468
8.924
5.0061
0.52013
1.3961
1.4167
-1.7878
2.8787
3.8249
0.38176
-2.0676
2.4389
7.1473
3.3232
0.10749
6.2667
8.0194
3.4007
0.60823
3.767
6.0237
2.2816
-1.773
2.1185
5.716
-0.52265
-2.124
0.0034823
1.4097
-2.8819
-6.4811
-2.9726
0.37337
-4.8133
-5.8103
-2.6353
0.91372
-2.4606
-6.205
-3.9478
-0.056712
-4.6983
-6.309
-0.79423
4.4502
-0.13738
4.1729
4.9207
1.3888
-0.28792
4.0391
6.6582
1.6434
0.56486
3.9711
5.1712
-0.56068
-1.2272
2.3449
4.0135
0.77557
-0.39594
3.3642
5.7178
0.36757
-0.91408
2.4929
3.7941
-0.80372
-0.56311
3.8664
7.4822
3.1934
1.2502
5.4176
5.9808
2.1771
-0.66787
2.8456
4.8287
2.2563
1.9571
6.4333
8.0354
-4.5913
0.86016
0.61902
-2.4861
-2.9456
3.2165
3.2039
-1.3282
-3.0745
1.9178
1.4104
-3.945
-2.6612
0.70801
3.1114
-1.1286
-2.23
3.2015
2.53
-3.8116
-3.8561
1.3026
2.8296
-2.1758
-1.8538
2.4931
4.7977
-1.9398
-3.0443
1.1621
1.8204
-4.6203
-2.1428
2.8188
2.3942
-1.022
-1.5373
2.7268
2.4806
-2.5613
12.4832
12.2145
8.5186
8.5884
13.3292
12.8984
8.1649
7.596
13.1338
11.0081
5.652
7.7323
12.6453
11.6388
5.4346
5.8087
9.9822
9.2451
2.9622
4.1472
9.9732
9.1542
4.9725
5.0782
9.7488
9.1125
2.3603
5.1927
9.3435
9.1923
5.4626
7.1191
10.7538
10.5539
6.1237
7.5475
11.4368
10.1354
4.7164
7.9434
4.8561
0.097937
2.9259
5.815
4.2037
-0.63521
3.2478
7.0501
4.3823
1.2205
4.2251
7.7002
3.2822
-0.079092
0.41945
6.4075
3.7027
-0.43751
2.9037
7.84
3.6953
-1.0294
1.5479
4.3521
0.51724
-3.521
1.3284
6.1819
4.2217
-1.1029
2.1143
7.3942
2.1774
-1.8773
0.41697
5.122
2.9969
-0.45933
3.1611
8.4315
-3.2261
0.64678
1.1184
0.29324
-1.8425
2.5189
4.0263
0.079306
-2.5746
0.58396
2.8669
-0.8233
-3.192
1.9652
3.7829
1.4606
-1.7267
2.1462
3.9878
-0.87808
-2.8252
0.78982
3.1412
-0.58119
-1.095
1.5257
6.2717
1.996
-0.87549
3.0962
5.4519
0.42674
-2.4058
2.1979
5.1717
1.6517
0.30672
2.9607
6.1196
0.1046
-2.1183
0.93541
-4.7898
-4.6952
-0.79237
0.71569
-4.9216
-6.7816
-3.6163
-1.9201
-5.6943
-5.3897
-0.16625
0.9716
-5.6394
-4.4563
-1.1173
-1.4926
-5.4802
-6.528
0.17942
0.93409
-3.7817
-4.1399
0.77611
0.72605
-5.3446
-6.1583
-2.4894
-0.90002
-3.6804
-4.3529
-0.39901
1.5958
-3.8388
-5.0667
-1.1737
-0.45099
-5.1666
-6.4429
0.72001
-4.9425
-4.8119
-0.75894
-1.8876
-7.8355
-5.6532
0.19187
-0.43095
-3.5816
-3.5092
1.6732
-1.2644
-6.1559
-5.1295
-0.44231
-1.8316
-4.2119
-3.4919
1.6391
0.66881
-3.7876
-3.0196
0.51402
-0.78695
-4.7753
-4.0411
2.1953
0.09427
-3.9049
-3.0025
2.4831
0.55683
-5.671
-5.9254
-0.30902
-0.42682
-6.0626
-4.0713
0.86505
-1.3141
4.1488
6.4961
3.5346
0.49289
5.6503
9.8266
5.8871
2.2189
5.4661
7.1337
3.1403
-1.1596
3.8587
9.1631
4.126
2.0537
5.52
7.1927
3.6245
-1.6799
1.3649
2.9619
0.30331
-1.8267
1.6097
5.3868
2.9143
-1.6743
1.4717
4.0694
1.1272
-2.2573
1.2166
6.5297
3.5925
0.12753
5.3383
6.8352
3.3473
-1.4598
0.39616
-3.3767
-4.8204
-0.9666
1.2515
-2.7138
-5.0505
-0.8831
1.3715
-2.6634
-2.331
2.7783
4.1403
-0.29599
-1.5315
2.2046
3.1829
-2.5718
-2.0361
3.4696
5.7241
0.49765
-0.4405
4.0778
3.9312
0.38425
-4.7066
1.6012
2.4158
-2.8766
-2.5466
1.2297
1.382
-3.0987
-5.1834
-1.7208
-1.3945
-5.6562
-6.2317
3.8573
-2.0362
-0.8373
4.3872
2.2447
-3.147
-1.0128
4.1522
3.7603
-1.0782
0.0072875
3.8668
3.3852
-0.20051
0.28739
4.3198
2.3335
-0.66119
2.1035
6.7802
6.4606
0.20448
2.0513
6.4127
3.4454
0.76177
2.3053
8.4578
5.3553
0.96279
2.8007
7.9116
4.2648
-0.49766
0.4124
4.0446
2.8046
-1.1833
0.68348
6.2368
-4.2811
-0.82986
2.1808
-1.4232
-2.6004
1.6853
3.4974
-1.1791
-3.2766
-0.80257
2.3677
-2.6557
-4.3691
-0.94389
2.9378
-1.0839
-2.8463
1.443
3.7657
-0.85945
-4.6257
-1.5865
1.5427
-2.429
-3.2641
2.9641
2.6544
-0.7659
-4.11
1.5483
1.5423
-2.8107
-4.4835
0.31496
3.9195
0.22291
-1.7356
1.0312
2.9875
-1.5026
4.5202
5.3854
2.5211
3.5669
8.1381
7.9567
1.2844
2.5138
8.8891
7.1109
2.7982
5.5461
8.8778
10.3046
3.8872
4.9093
7.2637
5.3418
2.3718
2.7555
6.2825
7.3663
1.0042
1.9898
4.9965
4.4648
-2.685
-0.39864
2.676
1.3979
-2.6618
0.12339
5.3049
2.5227
-0.055977
-0.91384
3.8455
2.8485
-2.0502
0.084314
-1.1414
-4.986
-1.1046
1.1629
-3.0979
-4.8594
0.49709
3.9456
1.1493
-1.6814
1.8529
5.1921
0.65394
-1.6873
0.81597
3.9163
0.89892
-0.75978
4.4302
7.0406
3.3909
-0.56265
3.6099
3.9254
0.68768
-2.0213
1.7078
4.6049
2.0502
-0.8833
2.8379
4.133
-2.0051
-5.2065
-2.8032
1.0996
-1.8948
-4.2355
-1.2157
2.5175
-1.7849
3.9374
3.6168
-0.56372
-0.07882
6.9133
5.1482
0.24435
-0.58768
3.3334
3.6057
-1.7834
0.029867
5.8878
5.914
0.70067
0.8105
5.2826
2.8222
-0.9296
0.8594
5.3759
3.5464
-0.95616
1.596
6.314
5.2142
0.65245
0.88914
4.6107
4.2261
-1.2641
-0.22208
5.403
4.8128
0.11169
1.526
4.996
3.4025
-1.6941
4.6618
0.37737
-2.3047
-0.50594
2.1198
-2.7391
-4.3748
-1.2268
2.6202
-0.50859
-1.7836
1.9663
5.6404
0.88089
-2.5056
2.7052
4.6439
0.73293
-1.4544
4.1101
7.0806
3.1132
0.96618
4.5964
6.5031
2.6973
-0.22049
4.7659
6.8056
3.1271
1.068
5.0004
7.2887
3.2604
-1.4833
1.8046
4.6328
-0.091989
-2.8335
0.91065
-5.8451
-5.3226
0.52856
-0.89896
-4.8921
-4.2092
1.1273
-0.73229
-4.2581
-3.9202
-0.16085
-1.2042
-6.2159
-4.1737
0.3395
-1.4583
-4.6421
-2.8613
1.9603
-0.5307
-4.8767
-4.6321
-0.69357
-2.3653
-5.6307
-4.1068
0.043477
0.18932
-5.5634
-4.2072
-0.36773
-1.1245
-7.0302
-4.8805
-0.36305
-0.61316
-5.6685
-3.7944
1.4812
-0.79067
5.0138
6.8977
2.7665
0.04009
5.1597
6.0754
0.18665
-2.499
2.7107
3.5226
-0.78038
-1.1665
1.9036
2.9398
-1.1344
-1.8706
-0.049986
2.7996
-3.2566
-3.2713
-0.56981
4.3763
-0.92122
-2.1981
2.0257
5.0833
0.10081
-4.2236
1.4165
3.969
0.1555
0.088193
3.9699
6.0152
2.4145
0.76366
5.9642
4.6168
1.2092
0.36389
4.3397
-1.1848
2.812
3.1259
2.3059
-1.6734
0.63783
6.1812
4.0033
-0.82056
0.82087
4.4438
0.60242
-4.033
-2.0241
2.2449
0.78452
-4.2918
0.97278
2.2827
0.16692
-3.7514
-1.3185
0.6975
-1.3867
-4.7486
-2.631
3.174
1.952
-0.86789
0.12233
4.5318
0.96115
-3.3495
0.57886
4.8568
1.0635
-0.38728
1.5224
4.6017
-5.1662
-0.63381
0.32437
-5.7042
-4.8101
0.2392
-0.99314
-5.2341
-5.7902
-1.8523
-2.5919
-7.0656
-7.066
0.42335
-0.12508
-4.4697
-3.1269
2.2435
0.85149
-3.0044
-4.1441
1.1893
2.6263
-1.1678
-1.4681
3.9427
3.5432
-0.74424
-0.79582
3.654
2.2585
-2.0588
-2.2187
1.693
2.2021
-0.74186
-2.0418
4.5319
-0.040346
-5.2263
-0.53139
-2.0438
-1.0189
-0.06977
-1.3741
0.44109
-0.59102
0.90669
0.7006
-0.12574
2.3432
2.1129
3.369
3.5639
2.5092
2.4567
4.1051
4.5803
4.8432
3.4759
3.0713
4.0571
3.9708
2.7775
3.1705
3.375
2.4736
2.8645
2.2702
1.7355
2.5663
0.15074
0.79643
0.61334
-1.0176
1.1183
-0.072088
-0.69743
-1.4162
-1.7224
4.3232
4.2691
3.9677
4.0739
2.7267
4.1977
3.6133
4.1421
2.6542
4.0714
1.6943
3.273
2.5143
2.0708
1.6623
3.1364
1.9165
3.1648
3.0205
2.3191
3.0287
1.5443
2.5374
3.2851
4.295
4.3106
5.6305
4.1511
4.5398
4.7633
3.6733
4.9111
4.7503
5.3826
4.9797
4.3021
3.6989
4.9435
4.4346
4.9675
-2.8372
-2.8226
-3.1472
-3.8453
-2.9678
-3.5015
-3.9156
-3.6886
-4.4991
-3.6158
-2.1028
-3.0122
-3.5521
-2.2517
-2.6145
-0.28009
-2.2515
-1.7151
-1.6855
-1.4452
-1.9974
-0.63907
-1.696
-1.3143
-0.90299
0.062622
-1.3985
-0.969
-0.9566
-1.8113
-1.1981
-2.7577
-2.3584
-1.1467
-3.6741
-1.3078
-3.2341
-2.4174
-3.5188
-2.4206
1.4206
2.2739
1.7263
2.203
2.4918
2.8177
3.0567
2.314
2.8722
2.2243
2.3018
2.091
0.27872
0.77859
-0.08101
1.2483
1.3129
-0.60987
1.3836
0.15134
-0.96862
-0.76459
0.11553
-0.12949
-0.83404
-1.5047
0.50979
-0.46126
-0.98039
-0.20559
0.53834
0.49742
1.0117
0.17133
0.72879
2.0348
0.66706
2.1109
1.8404
2.7543
0.69174
1.877
-0.23219
1.2037
2.876
1.6914
0.22503
0.87916
1.5254
1.1376
-1.4228
-1.6798
-0.24457
-2.5994
-1.7136
-2.358
-3.1321
-2.034
-3.6308
-2.5565
-2.2825
-3.8578
-3.2597
-3.8708
-2.8366
-3.5433
-3.5859
-3.159
-2.7694
-1.4353
-1.7707
-1.6013
-0.823
-1.3126
-1.2415
-1.0714
-0.95329
-0.34493
2.14
0.90376
1.1413
1.1395
1.595
1.75
1.4154
2.1346
2.1533
2.2652
1.793
1.596
2.8207
1.3988
2.0752
2.5584
1.6409
2.6576
1.3487
0.94466
0.39127
1.0074
0.47607
-0.094707
0.34591
0.24499
0.058401
0.0071389
-0.35319
-1.3832
-1.8089
-0.20343
-0.94628
-0.45632
-0.18509
1.0008
1.853
-0.12378
0.020308
0.48052
0.29339
1.7382
-6.5457
-6.2347
-6.1443
-5.9309
-6.006
-7.5576
-7.0099
-4.3132
-6.0288
-4.9713
-5.1061
-5.6918
-5.5757
-5.142
-4.148
-4.9166
-3.0571
-4.3064
-4.9398
-4.6147
-2.715
-3.6314
-2.6267
-2.604
-3.492
-2.6342
-2.1251
-2.314
-2.3082
-2.9602
-3.5809
-3.7389
-3.9948
-3.9124
-4.5715
-5.0906
-6.0782
-5.3985
-5.6648
-5.9739
-0.12739
-0.11341
0.36309
-0.31448
0.2984
-0.47437
1.4333
-0.71366
0.53449
-0.49167
0.235
0.11644
-0.041229
-0.2885
-0.40135
-1.4226
-1.8344
-1.0044
-1.3665
-1.1488
-1.4894
-2.2289
-1.2496
-1.8975
-2.5711
-1.4172
-1.8955
-1.998
-2.1846
-1.44
-0.59222
-0.22614
-0.84964
-0.34506
-0.47755
-1.1994
-0.53763
-0.59679
-1.0661
1.0102
-3.8395
-3.4963
-3.8273
-3.644
-3.2494
-3.9638
-2.2882
-2.1327
-3.2176
-1.1197
-1.4635
-1.3969
-1.8149
-2.5836
0.018269
-0.52327
-2.6231
-0.69331
-0.9334
-0.84257
-0.13315
-3.0125
-2.8428
-2.2676
-0.89524
-2.6426
-2.039
-3.7395
-3.4931
-3.5819
-2.803
-3.3664
-3.2473
-3.0096
-3.4442
-3.1342
-4.0344
-3.194
-3.9905
-5.3747
3.1826
3.1493
2.2326
2.9326
1.6029
3.3394
1.8105
1.9694
1.2945
1.6417
1.1278
0.11608
0.51106
0.91584
0.16768
-0.79604
-0.68228
2.275
1.2575
1.4997
1.59
0.76226
2.1327
2.0601
2.0057
4.7785
2.9875
3.2035
3.1176
3.8802
2.5441
2.7471
2.9835
3.575
2.4565
2.7679
2.7324
3.9836
3.4135
1.6505
0.30258
-0.45524
0.001572
-0.94154
-1.4215
-0.9321
-0.95907
-1.4823
-2.0354
-0.57881
0.27166
-0.14529
-0.76631
1.0491
-1.0367
-1.1591
-0.47571
-0.26924
0.33419
-0.30241
0.015425
-0.5173
-0.85875
-0.59699
0.62344
-1.7987
-0.23547
-0.94304
-1.1929
-1.0105
-1.0863
-1.4969
-0.40409
-0.48291
-1.031
-1.903
-2.0521
0.38027
-2.2101
-1.1349
5.3565
3.5564
4.8007
4.187
5.3824
4.5665
4.1823
3.4061
4.6768
4.0498
3.3016
4.0349
2.8703
3.7194
4.2509
3.3729
4.0557
1.7607
1.8008
2.766
3.0805
1.6144
2.6403
3.5042
2.1276
3.4052
1.5613
3.1458
2.5114
2.6292
2.5583
3.2902
3.3899
4.4513
3.0839
3.6422
5.3113
3.4408
5.0761
4.8072
-1.8488
-1.0534
-1.2049
-1.9684
-1.6429
-2.5985
-1.7797
-1.4061
-1.5808
-1.2744
-2.9216
-1.3833
-2.3769
-0.87636
-0.70631
-1.3663
-1.8391
-2.6331
-0.43668
-1.9595
-1.8928
-1.5998
-1.5501
-0.95293
-0.10448
-1.0358
-1.1078
0.11565
-1.3294
-0.44901
0.24543
-1.6095
-0.39199
-1.8469
-0.32108
-0.70067
-1.9234
0.20815
0.002636
-0.12963
-2.9843
-2.9215
-3.8822
-4.3895
-4.5048
-4.5089
-4.3315
-4.6844
-4.0072
-4.9385
-4.4192
-4.705
-4.1921
-4.5512
-4.2789
-4.4896
-3.7745
-4.3014
-4.4959
-2.9619
-3.4561
-2.7199
-2.0161
-3.498
-1.4235
-2.5542
-1.1285
-2.9017
-1.3146
-1.6198
-1.5878
-2.1257
-2.0727
-3.1856
-2.4387
-3.2884
-1.385
-2.9438
-2.318
-1.9029
-0.20076
-0.85356
-0.75363
-0.7251
-0.50785
0.38791
0.76131
0.0037075
-0.12248
-0.27069
0.55263
0.12548
0.76197
1.9389
0.97551
1.8093
0.63298
1.097
2.514
2.799
3.0625
2.4406
1.4191
2.7765
2.2082
1.8193
1.6969
2.3654
1.5564
0.74335
2.5861
0.97267
-0.32716
0.97809
0.085992
0.19269
0.86015
-0.8917
-0.88737
-1.7192
1.1178
1.316
2.3501
3.0063
2.3742
2.3064
3.6211
2.6825
2.1252
4.1634
2.7263
3.8221
3.0039
2.746
2.3679
2.5343
2.3393
1.3655
0.022956
-0.030592
1.3103
0.38842
1.1242
0.23654
-1.5909
0.12601
-1.0499
0.25018
0.0046559
-1.4687
-0.086592
-1.9649
-0.35458
-0.094569
-1.0979
0.49988
0.15601
1.1608
2.0364
2.2917
1.1346
1.6878
2.0177
1.2685
2.1709
3.654
2.544
2.5405
3.3402
3.075
2.6994
2.4593
2.5794
2.6179
0.85883
1.6886
1.521
1.8436
1.4954
0.39751
-0.14258
-0.22975
-1.0511
-0.98069
-0.91083
0.084037
0.70998
-0.12737
-1.4485
-1.929
-1.1953
-0.88445
-0.50557
-0.71678
0.51823
-0.93473
-0.76005
0.077911
0.74722
2.263
4.4181
4.4869
3.4951
5.026
2.5413
2.6885
2.8734
3.4785
2.7413
3.3915
3.2587
2.2778
2.8026
1.99
2.0134
2.2497
1.8808
0.76954
1.1889
-0.08578
0.63989
-0.22702
-0.50438
0.037889
0.26801
-0.80197
1.1846
1.416
1.839
1.1129
1.0998
0.4591
0.92011
2.6007
3.4533
2.9158
4.2557
2.9777
3.2626
3.8709
3.5794
4.922
3.4405
5.0947
3.0694
2.8921
2.4089
1.8375
3.3929
2.8157
3.6032
1.9025
2.8937
2.7293
2.8037
1.9881
1.6381
1.5455
2.8649
2.9287
1.9636
1.1176
1.2799
2.6575
2.8706
2.8613
2.6619
3.0047
2.6022
2.5894
3.5973
4.5639
4.0459
2.6134
2.7002
3.984
4.5081
4.4494
3.3137
3.2994
2.2145
3.8718
2.041
2.7955
1.8791
2.0816
3.0255
2.276
2.4138
1.779
2.7544
1.2486
1.3459
2.5131
3.8256
2.5563
3.4505
1.3703
3.0985
3.0379
3.2141
3.1574
2.9163
2.3083
3.7047
3.4018
2.4679
3.491
4.0014
2.8343
4.211
3.2105
3.8578
3.479
2.6489
3.0294
1.9515
2.0805
2.2624
4.499
-4.8088
-4.7798
-5.5906
-5.8052
-6.6295
-7.3898
-6.6698
-8.2921
-6.7071
-8.4258
-7.7766
-7.2164
-7.5336
-8.8685
-8.7184
-8.9479
-8.7072
-8.2889
-7.6231
-7.511
-8.0381
-8.434
-7.27
-8.0591
-7.2068
-6.4043
-6.5094
-5.7305
-6.6335
-6.1169
-7.0836
-5.6771
-6.0688
-5.8206
-5.8248
-4.2356
-5.2892
-5.3261
-5.1621
-5.9863
2.2559
2.7594
2.5597
2.3706
2.3674
1.2376
3.0551
3.508
2.9039
2.7277
3.4701
3.9512
4.4716
4.2602
4.1273
3.5325
3.1575
4.4415
3.9408
4.0725
3.2501
4.6455
4.1249
4.1688
3.8318
4.932
2.3948
3.5669
4.4232
3.2139
3.5089
2.8025
1.9234
3.3519
2.5233
2.7713
1.0621
2.3109
2.9128
2.6577
-1.6046
-1.8783
-2.6453
-1.399
-0.77233
-1.6699
-2.7747
-1.918
-2.0856
-1.5847
-1.9621
-2.0594
-1.6853
-2.2716
-1.6206
-1.6264
-2.0856
-2.2228
-3.1458
-1.679
-1.4562
-1.809
-2.0698
-3.1522
-2.0267
-4.1833
-1.9741
-1.5736
-2.6673
-2.3782
-3.5981
-1.7326
-3.1212
-2.3442
-2.4347
-2.7012
-1.2805
-2.7011
-2.94
-2.6787
-2.0424
-1.8595
-3.6773
-2.5491
-1.714
-3.5179
-2.277
-2.5718
-2.908
-3.5139
-3.0314
-3.5348
-1.104
-1.9243
-2.2936
-5.1622
-1.2965
-2.1738
-3.4662
-1.5057
-1.7552
-1.0648
-2.3355
-1.4123
-1.9121
-0.5866
-1.0327
-2.1861
-1.443
-3.2828
-1.581
-1.6663
-2.4464
-1.5628
-2.7658
-2.7684
-1.6088
-2.1078
-1.929
-2.2062
2.3585
3.3612
2.8806
3.2459
2.9055
2.6963
2.3742
4.0518
3.5651
2.8454
2.555
2.9826
4.1023
2.1748
3.5381
1.4171
1.9054
1.0425
2.6493
1.7893
1.0688
1.2609
0.48605
0.63993
1.3861
0.1592
0.84417
1.7076
-0.16035
0.3692
1.6965
2.1538
1.1316
1.0363
1.7479
1.5816
1.2608
2.579
1.8264
4.0346
1.5473
0.63839
1.7703
2.2273
0.9175
1.694
2.8979
1.3568
3.5397
1.6384
3.5307
1.9664
3.8381
2.9714
2.9209
2.1292
1.1089
2.6349
2.7938
1.927
1.7076
1.007
1.2801
1.8619
-0.1735
-0.48216
0.88527
-0.48994
-0.57235
-0.6906
-1.6037
-0.4706
-0.9438
-1.3835
-1.3895
-0.55133
0.51165
-0.64425
-0.9561
-0.32778
2.248
0.94574
3.5084
1.0047
1.6109
3.1543
0.5967
1.7442
1.4523
1.8468
2.0502
2.1931
1.1999
2.486
3.3055
2.099
2.9968
3.1736
2.1374
1.8993
1.5982
1.4288
2.911
1.5632
0.16224
0.54431
0.57819
2.2699
0.49313
2.2957
-0.43984
-0.19065
1.283
0.26001
2.1991
2.1196
0.50754
2.8346
2.759
2.8118
0.074388
0.77738
0.79321
0.8715
1.2129
-0.66723
-0.90602
-2.1754
-2.7467
-3.0593
-2.7247
-3.464
-2.8575
-2.7932
-2.8338
-3.245
-3.0259
-3.0124
-2.7795
-4.0893
-2.862
-2.1612
-2.4463
-2.1291
-1.4118
-0.79613
0.70442
-1.0789
0.60961
1.201
1.3464
0.91368
2.1219
0.61007
1.3488
2.4874
0.808
1.1316
0.43735
2.4773
-0.47769
-1.0314
0.18812
-0.48255
-0.28863
-0.23121
-0.21531
0.70466
-0.38969
-0.15062
-1.6063
-0.65335
-0.023349
-0.42461
0.29721
0.001447
-0.71875
0.034792
-1.4613
0.11872
-1.4262
-0.74117
-1.7542
0.047299
-1.5628
-0.68082
-0.37099
-0.56953
-0.13731
-0.046104
-1.4714
-0.41625
-0.40379
0.59476
-0.011656
-0.076102
0.60237
1.089
0.79591
0.66744
-3.6897
-3.0889
-2.6041
-4.1034
-2.6386
-2.6296
-2.3284
-1.652
-2.5248
-2.4424
-3.0319
-2.7546
-1.6514
-1.7102
-2.9106
-2.5799
-2.2122
-1.8346
-2.1029
-2.5586
-2.4278
-2.9431
-3.0513
-2.6112
-2.0527
-2.0294
-2.6744
-3.0472
-2.7497
-3.0253
-1.9064
-1.3339
-3.497
-3.4576
-4.1593
-2.6576
-2.2343
-3.1289
-2.0782
-2.4586
2.0944
3.7009
4.433
4.4228
4.8466
3.5405
4.8763
5.6897
5.3412
5.3633
6.4822
3.8893
4.7543
4.0891
5.4851
4.1848
3.703
3.6028
3.0155
2.3824
2.2261
1.8499
2.2096
2.2984
2.1708
0.5031
2.0301
0.78836
1.8007
1.3921
0.24819
-0.048257
0.86581
1.8907
2.1195
2.5835
2.3696
2.2166
2.681
4.2591
2.7636
2.9374
2.7265
2.9101
4.6344
3.6813
2.6867
3.539
4.1761
4.3445
5.0417
4.8631
7.4424
7.2236
5.1895
5.5359
5.6035
7.2674
5.884
4.2178
5.781
6.2423
5.457
3.3495
3.1779
5.0767
2.2927
3.7731
2.923
3.0729
2.591
2.8719
3.1735
3.2965
2.2702
3.0192
3.8079
2.7406
2.0837
2.3941
-2.5903
-1.2773
-2.4488
-2.2134
-1.6932
-0.64692
-0.9198
-0.13205
-0.33617
0.1538
-0.25961
0.85091
1.2361
3.2227
3.0472
3.378
1.4076
0.84237
1.4881
1.7529
3.1269
0.81647
1.7065
1.1334
-1.1977
-0.30899
-1.6833
-2.415
-2.2687
-1.3371
-3.0754
-3.1126
-2.2497
-2.6241
-3.8374
-2.9372
-3.7586
-5.6589
-4.1936
-3.1987
-3.2527
-2.6502
-4.2203
-4.0198
-3.8185
-3.5355
-1.3386
-2.8853
-3.3422
-4.2093
-3.538
-1.5991
-3.6616
-1.8009
-4.4677
-3.8272
-3.0137
-4.2974
-2.3137
-4.1288
-4.8042
-5.2581
-3.7733
-4.3834
-4.9486
-5.6562
-4.9742
-5.8694
-5.0625
-4.976
-4.1522
-5.4906
-5.6968
-5.6479
-4.1581
-3.6048
-4.5978
-4.5715
-4.3205
-4.0817
1.0413
2.3548
1.1026
1.8723
0.3849
1.3417
2.6922
2.3884
3.1153
3.0691
1.4928
3.0106
1.6126
1.1989
4.2242
1.5628
2.0332
2.9428
0.94981
1.9119
2.0738
1.366
1.2733
1.2564
0.53776
0.51646
1.0815
1.3781
-0.082582
-0.66058
-1.5205
-0.42475
-1.2429
0.61255
0.19382
-0.54211
0.09522
1.1221
0.7651
1.2043
-0.42462
-0.90988
-0.34833
-0.86132
-1.2695
0.032595
-0.48143
-0.26584
0.7564
0.81805
-0.064761
-0.082376
0.038029
0.69902
1.0035
1.6296
1.137
0.18882
0.84855
0.66594
0.42864
-0.24514
0.79394
-0.47681
0.53757
-0.47792
-0.12328
-0.11314
-1.2469
-0.61999
-0.96495
-1.9843
-0.21516
-1.557
0.042095
-0.62115
-1.9507
-0.73408
-0.36656
-0.24805
0.081206
-0.73962
1.0193
-0.093671
0.38217
-1.7144
0.29695
0.9353
-0.33648
-0.20261
-0.078076
0.63967
-0.73072
-0.70206
-0.28745
-1.6865
0.0743
0.079553
0.24357
-0.34798
0.066203
1.1832
0.65616
0.75923
0.55346
1.1738
0.82148
0.84053
-0.12504
0.48952
2.6892
0.25678
1.4796
-0.23668
1.6128
1.0398
0.62319
1.2179
0.66583
1.3212
2.7731
4.3589
3.0209
3.265
2.9434
1.3588
3.0062
2.098
2.087
1.6549
3.0715
3.2357
1.5772
1.2421
1.6004
1.2193
1.7414
1.355
1.4893
2.4955
2.3359
2.3135
2.2849
2.075
2.5738
1.9422
2.2829
1.5294
1.9161
4.6059
2.9006
4.5162
2.3741
3.02
3.2895
3.1711
4.0823
2.9207
2.7035
2.5633
-1.407
-1.1232
-1.9447
-2.0305
-0.30334
-0.7964
-2.1624
0.069913
-0.80944
-0.59133
1.1704
0.12631
1.2846
1.6993
0.77763
0.084969
1.0475
1.7101
2.7675
0.16443
0.66958
0.50638
0.64293
-0.037624
-1.0406
-0.073976
-3.2066
-1.9949
-1.496
-1.7529
-2.066
-2.2839
-3.3077
-1.8967
-1.4981
-2.3456
-2.4085
-2.4004
-2.231
-2.2518
-0.56412
-0.39133
-0.74151
-0.82106
-2.3
-3.6805
-3.1228
-1.8975
-3.1122
-3.4095
-5.6118
-5.1953
-4.8506
-4.6555
-4.8106
-5.2989
-5.3311
-3.8531
-4.5172
-4.7318
-3.4146
-3.5363
-3.3026
-2.6398
-1.7114
-0.88002
-1.9276
0.057488
-0.57312
0.019384
1.7651
0.58235
1.7253
1.5281
1.0797
1.8335
1.0432
0.51534
0.24856
-0.27208
-3.4574
-4.4667
-4.5728
-5.3929
-3.1364
-3.8051
-4.688
-1.8583
-2.3397
-2.4102
-1.3172
-4.1298
-2.0571
-3.3381
-1.5813
-1.8846
-0.89749
-1.4773
-1.0522
-1.1488
-1.7033
-0.06477
-1.3415
-0.31015
-0.18641
0.19609
-1.1747
-1.6161
-1.8541
-2.6808
-0.86704
-2.667
-2.7712
-2.2265
-4.1215
-4.154
-3.6907
-3.9694
-3.9109
-4.6241
-1.322
-0.95938
-1.8474
-1.4713
-0.74303
-1.6919
-0.56876
-1.5721
-1.5745
-2.2466
-2.6452
-1.667
-1.4286
-0.88791
-1.1
-0.26369
-0.018435
-1.3032
0.53194
-1.4015
-1.3547
-1.2541
-0.56919
-0.53709
0.10625
-0.34824
-0.22703
0.61107
0.069848
-0.05225
-0.97991
0.80828
-1.1738
-0.3976
-0.6512
-0.74593
0.42235
-0.60785
-1.0831
-0.98299
-2.4449
-3.048
-3.7205
-3.1723
-1.5458
-3.3098
-2.5468
-2.8118
-3.207
-2.4214
-2.4515
-4.1302
-2.7214
-4.4699
-4.4537
-3.4344
-2.6646
-3.8488
-2.0654
-2.9853
-1.9392
-1.8672
-2.8577
-1.8145
-2.3805
-1.0718
-1.0947
-0.49831
-0.93493
-2.8395
-1.5065
-0.090728
-1.5485
-1.321
-2.5974
-1.5801
-1.8517
-2.1093
-0.71278
-2.3328
-1.6116
-2.3703
-2.0259
-1.365
-1.7012
-1.1946
-0.082252
0.34792
-0.41355
-1.6047
-0.7557
1.2684
1.0641
1.493
0.22377
2.4285
0.86793
1.1053
-0.45943
0.82933
0.9961
-1.256
-0.35505
0.48785
-0.4433
-0.57579
-0.26992
-2.6613
-0.25072
-0.27627
-1.172
-2.5384
-1.2305
-2.2713
-0.82535
-3.0346
-1.2728
-3.428
-2.3808
-1.9337
-3.1268
-3.1175
-2.2351
-2.0455
-2.3202
-1.988
-0.43328
-2.4004
-0.8841
-1.1398
-1.376
-1.6031
-1.6281
-1.6343
-0.26633
-0.84595
-0.055303
-2.0299
0.44301
-1.1732
-0.1126
0.49923
0.11352
-1.5527
0.62473
-0.65996
-0.95001
-0.9975
-2.033
-1.4146
-2.6601
-2.9513
-1.7024
-2.5113
-0.96159
-3.1829
-3.477
-4.0565
-3.2118
-2.1225
-0.72713
0.62964
0.252
1.3673
1.0116
1.54
1.071
1.7704
2.3126
1.7096
3.2268
2.0772
1.9101
1.8648
1.7767
1.7904
1.9308
2.663
2.423
2.4084
3.2047
1.8296
2.0852
1.4978
2.6947
1.5458
2.7009
2.1576
2.7845
2.1826
1.7843
3.7173
0.46141
1.7616
2.204
1.6026
1.0944
0.61175
2.6642
0.47816
1.6682
3.1397
1.8519
1.6865
2.1099
1.9422
1.6631
3.3464
0.68754
1.9659
2.2023
0.44931
2.098
1.3308
1.0186
1.1585
0.39849
-0.15522
1.352
0.57746
1.2522
0.82418
1.5116
0.32793
0.67942
0.86855
1.0247
0.80172
0.13635
0.79156
0.41046
1.3654
2.6271
1.3149
0.76342
1.2212
1.6245
0.90414
2.0158
2.0691
5.0866
6.2708
5.2066
5.9197
4.3293
5.0492
4.3144
4.657
3.5348
2.9027
4.7547
2.9558
2.8113
2.894
3.4428
3.7276
2.3087
1.2808
2.3608
3.4039
2.8472
2.7436
1.6839
2.3572
2.8351
3.3121
3.7688
4.3944
4.1462
4.8952
4.4303
3.0831
4.5528
4.6262
5.1357
5.5032
5.438
4.5439
6.5358
4.7524
-1.7662
-3.2683
-3.0599
-3.8907
-2.5475
-3.5942
-4.2899
-3.7897
-4.9411
-4.8576
-4.9474
-5.4964
-5.964
-4.685
-4.33
-4.6254
-5.1726
-4.4612
-4.8776
-4.1141
-3.4425
-2.6341
-1.8841
-2.8941
-1.6666
-1.0516
-0.76924
-1.8743
-0.64355
-1.2963
0.14435
-0.39849
-1.3105
-0.52788
-1.7515
-0.89744
-1.6513
-2.5865
-1.0554
-1.965
-0.22207
-0.34746
-0.16525
0.028383
0.88486
0.13448
-0.17335
-0.099821
-1.0587
-0.35867
1.4613
-0.15979
-0.46236
-1.1124
-0.73634
-0.59395
-0.92913
0.27784
-1.6456
-0.76914
-1.0912
-0.54112
-1.1605
-1.3537
0.21264
-1.3232
-1.0015
-0.71091
-0.89642
-0.51952
-0.28459
-1.1251
-0.22093
0.87514
0.37259
-1.4333
-0.85087
-0.25567
-1.7549
0.96284
2.1346
2.5986
2.0879
1.4684
1.49
3.1082
1.4803
0.54442
1.1331
1.3555
1.273
0.94895
0.78519
0.9421
0.16356
0.75914
1.6131
2.1299
0.18166
0.72982
1.1151
2.3998
-0.25928
1.3657
1.2946
1.2323
1.8196
2.2074
2.2891
1.9125
2.0528
0.37879
2.2429
2.213
2.4384
2.9181
1.1398
1.8416
0.947
1.2668
2.0261
2.0438
1.2133
2.1374
1.7733
1.1249
0.53513
0.84766
2.1152
1.523
1.7456
0.97035
2.4844
4.205
3.8243
4.2669
4.3005
4.7056
3.4638
3.8313
3.0334
4.0961
3.7416
3.6541
4.269
3.278
4.683
5.1126
3.2203
3.3622
5.111
3.6193
3.0754
2.3329
2.3202
3.8958
2.7699
2.0072
0.81069
1.8673
2.8988
1.7552
2.3427
2.9082
4.7436
4.4318
4.2644
5.4286
3.7707
4.5963
2.5749
3.5498
3.5201
3.7496
2.7014
2.7873
3.0282
0.60641
0.34342
1.127
0.15342
0.16508
-0.53252
0.049042
0.3356
0.85608
-1.3868
-0.71312
-0.87869
-1.5079
-1.4462
-0.51281
0.0034705
-0.27672
-0.8442
1.0597
-0.1571
1.4634
0.86654
2.3965
-4.4206
-5.7743
-4.8347
-6.1176
-5.6231
-4.6878
-5.4859
-4.2037
-5.4439
-3.9854
-2.3589
-2.8636
-2.9493
-2.7396
-2.505
-2.036
-1.2042
-0.81562
-0.63701
-1.7907
-0.26226
-0.84003
-0.55197
-1.1376
-0.72255
-2.1805
-2.4095
-2.5913
-2.5627
-1.961
-3.605
-3.8568
-3.3876
-3.4658
-4.5728
-4.0922
-3.9654
-4.9073
-4.8497
-6.3087
-0.02616
0.085201
1.6931
1.1245
0.73304
2.5114
1.7933
2.171
0.75387
0.40492
1.4683
-0.21584
-0.64949
-0.05006
1.0874
-0.46573
-0.085919
-1.7266
-1.5559
-3.0759
-2.5563
-2.5507
-2.6983
-2.3892
-3.6711
-3.5658
-2.0483
-2.0829
-4.5914
-2.975
-2.9404
-3.8991
-1.5863
-1.5177
-1.5646
1.0734
-0.2112
-0.66041
0.10427
1.0484
0.622
0.53844
0.36267
1.6057
-0.13254
-0.85309
0.44701
-0.7885
0.076761
0.43564
-0.46885
-1.1443
-1.0821
0.14513
0.12905
0.8723
-2.1125
-2.5616
-0.63545
-1.4793
-0.62911
-0.87586
-1.0086
-0.2388
-1.1123
-1.5829
-0.81946
0.14022
0.44674
0.86868
-0.91326
-1.3206
0.97709
-0.23128
1.153
-0.077526
0.87352
-1.0925
1.0448
0.47744
0.25124
1.5117
0.81289
0.35738
0.70919
-0.073102
1.0659
-0.65229
0.13544
1.4163
1.9798
1.5694
0.57197
0.81074
0.3414
2.1134
1.1439
1.9625
0.36654
0.34892
1.5737
1.8846
1.672
2.0708
2.5615
0.97925
3.8891
2.0625
1.8634
1.9934
1.3593
2.583
1.6427
0.87033
2.8103
1.6439
1.4503
0.91574
0.33141
2.4526
0.51789
0.39078
1.1693
0.60634
1.4788
1.4314
2.5411
0.66316
3.0409
3.1591
3.9528
3.2316
2.4739
4.094
4.26
2.7348
1.0792
2.0517
3.2113
2.8621
3.8867
1.4621
1.7046
2.0467
1.3807
1.1882
1.0187
1.0519
-0.40031
-0.99949
1.2714
0.45924
1.1325
0.39987
-0.43242
0.19282
-0.33431
1.5344
0.83976
0.85457
-0.39414
-0.90654
-1.1157
-1.3742
-1.482
-1.5316
-1.0943
-1.2958
-1.9189
-2.674
-2.2491
-0.77768
-2.5979
-0.95759
-2.6211
-1.5628
-0.42603
-2.0788
-2.8687
-0.85185
-1.6442
-1.093
-0.80022
-1.3825
-0.74538
-1.2417
-1.237
-1.635
-0.87441
-1.6874
-1.3852
-0.22837
-0.66556
-1.824
-1.7738
-0.47942
-0.70386
-0.86874
-1.1616
-0.73471
2.1952
1.9796
2.1139
2.5065
2.3784
1.9817
2.5918
0.26708
1.7953
1.7537
1.0327
0.56333
0.66322
0.42583
0.86681
0.64981
-0.32009
-1.1717
-0.48158
0.46609
-1.0026
0.37493
0.70248
-0.25102
-0.55392
0.83866
0.38716
1.3895
1.2657
1.4449
0.12505
1.1511
1.6235
2.1228
1.9428
3.0302
2.3564
3.0632
2.518
3.6729
4.0985
2.9061
3.7057
3.398
3.0927
3.5536
3.9979
5.1088
3.6957
3.3573
3.1722
2.5893
5.8029
4.5381
4.4658
2.9411
4.1537
3.0291
3.511
2.3653
3.2002
2.6012
2.9075
2.203
0.24574
2.7674
1.2679
3.1508
1.618
2.5321
0.86015
2.2027
2.0228
1.9991
2.1833
2.4546
2.5235
1.4343
2.7683
2.5849
-5.7001
-5.0877
-5.9018
-6.1009
-7.1762
-7.1879
-6.8011
-5.5689
-5.7298
-5.2614
-4.8777
-5.3333
-4.4393
-5.3325
-3.9877
-3.5372
-2.3024
-1.5897
-0.73449
-1.58
-0.96727
-0.86934
-2.2539
-1.1608
-1.6033
-1.263
-0.7869
-0.33375
-0.69438
-0.96619
-2.7409
-2.8611
-2.7122
-2.0954
-3.2218
-4.098
-3.064
-4.2463
-4.1153
-4.4699
-1.8478
-1.4481
-0.72513
-2.8553
-1.5415
-2.8431
-0.70825
-1.368
-2.6018
-0.5886
-1.2425
-1.0587
-1.1735
0.65823
-1.2029
-0.59104
0.11564
-0.36409
0.57601
0.64619
0.82976
0.98552
2.3453
2.0958
2.5373
2.3357
1.2589
1.1626
0.91852
0.44246
1.1465
-0.0015812
0.5913
0.50938
-1.6389
-0.066706
-0.073401
-1.3217
-1.2713
-1.3547
3.9337
4.0298
2.5972
2.9008
3.8553
2.8891
2.7304
4.7331
5.0776
4.5154
3.9021
3.7217
3.0383
2.8757
2.4445
1.37
1.8854
3.6074
2.7256
2.3689
1.1315
1.0582
2.223
1.2067
0.98641
2.0953
0.96522
0.8376
2.0969
1.3183
1.4171
1.3281
1.4665
0.99399
2.1698
1.8753
3.7369
3.1085
2.4391
3.6541
-1.9617
-0.70749
-2.514
-4.0692
-1.9953
-1.3167
-2.8373
-2.3273
-2.6142
-1.3839
-3.1948
-2.3434
-2.696
-3.143
-3.9247
-3.9216
-3.892
-4.0724
-2.0702
-3.1903
-3.6233
-3.3318
-3.2697
-3.7637
-3.4236
-1.3675
-2.5211
-3.6296
-1.3738
-2.6194
-1.7081
-1.6188
-1.3236
-2.1761
-1.1703
-0.52594
-1.6789
-2.1992
-1.4352
-1.0926
-2.4871
-3.1086
-2.0622
-2.6126
-3.996
-4.3481
-3.4816
-4.2325
-3.015
-3.8761
-2.129
-2.1659
-2.1899
-2.7834
-1.7602
-2.1154
-1.9833
-1.7837
-1.8743
-1.0955
-1.5459
-1.0068
-1.33
-0.30715
-0.67844
0.099032
0.25766
0.36145
-0.84686
-0.93763
0.12024
-1.1743
0.43055
-0.3088
0.055316
-1.9784
-2.4668
-0.66717
-0.72526
-2.1606
-1.272
-0.36978
-0.09644
0.19586
-0.60025
-0.45545
-0.18363
-0.61828
-1.4787
-0.1405
-0.19971
0.52652
0.26194
-0.12071
-0.37146
0.0050442
-0.30943
-0.099195
-1.0053
0.78756
-0.28586
-1.7296
-0.92254
-0.65549
-0.40815
-0.9298
-0.35953
-1.4927
-1.0785
-0.866
-0.14333
-0.87698
-0.19497
-1.6576
-1.2669
-1.5343
-1.3915
-2.0348
-0.62199
-1.7855
-2.6247
-2.4671
-1.6207
-1.5774
-1.3696
-1.4766
-2.3749
-1.7649
-1.1655
0.070493
-0.66248
-0.74375
0.69919
0.62057
-0.55843
-0.58775
-0.67517
0.66107
1.1534
-1.2666
-0.42601
-0.6629
-0.58852
0.91072
-1.5209
0.30232
-1.7865
-2.0274
-1.5476
-1.9756
-2.3761
-1.863
-1.3143
-1.788
-0.063134
-2.6117
-1.335
-2.5463
-2.8716
-2.0679
-0.29814
-0.1986
-1.8642
-1.0287
-2.1682
-0.8916
-1.2497
-0.28727
-1.1579
-0.97536
0.083253
-0.65475
-1.3467
-0.56231
0.67164
-0.99837
0.80003
0.12581
1.0357
1.0059
-1.0208
1.4257
0.5405
2.6501
0.012847
2.2063
0.55639
2.0851
0.91604
0.79985
1.9364
1.0514
1.0572
1.1945
0.84414
-0.066386
0.97263
0.80383
-0.1061
-0.49572
-0.46211
-0.4789
-1.4138
-0.25225
-0.77738
-1.1267
0.30183
0.55054
-0.15847
1.1357
1.4399
2.41
2.5359
3.035
2.792
4.0379
3.1374
5.4529
5.1244
4.4203
4.5241
3.286
3.955
4.4572
3.2578
3.3882
2.2395
2.9263
2.1688
0.85944
1.7367
2.1678
-0.091263
0.63185
-0.1329
-0.65502
-0.098458
-0.48899
-1.711
-1.1016
-1.0095
0.34185
0.03048
-1.0082
-0.86838
-0.76338
-1.2499
-0.79583
-0.73179
-1.7078
-2.8601
-0.64378
-1.7163
-1.8685
-1.8887
-1.8253
-1.3553
-0.8558
-0.97109
-1.0062
-1.7806
-2.4988
-0.96037
-0.1442
-0.052054
-1.0784
-1.421
-0.6342
-0.74455
1.1421
-0.92228
-1.5096
-0.51157
0.5467
-0.31577
-0.46507
-1.3413
-1.2291
0.65145
-0.4678
-3.903
-4.4606
-4.1772
-5.712
-4.8903
-5.5801
-5.1632
-5.8917
-4.1129
-4.5991
-4.4997
-5.0781
-4.7411
-4.2529
-3.9172
-4.1615
-3.0882
-3.3851
-1.4581
-1.0814
-1.8028
-1.3588
-0.32496
-0.76899
0.45178
-0.60514
-0.95457
0.029517
-1.6512
-1.1131
-0.5794
-0.84872
-1.7886
-2.8584
-2.0404
-2.7733
-4.3855
-2.2576
-5.1681
-4.2687
3.1336
4.5427
4.6117
4.3825
3.7144
4.8335
4.6814
3.5464
4.9404
4.1715
4.1772
4.2805
3.0628
3.462
2.1581
3.8299
2.5578
1.4135
2.7309
3.0889
2.0595
2.9033
2.3054
0.28923
2.2822
1.2573
0.53999
1.9803
3.2071
2.2103
2.9346
2.1
2.4454
3.5744
3.167
3.9079
3.2049
2.6309
2.3598
4.1001
3.6581
2.78
1.8747
3.2706
2.1635
2.068
4.0859
2.5238
2.2338
3.114
2.6278
1.7798
1.8912
2.4741
1.6575
2.9254
2.2383
2.3054
3.2754
2.6352
2.8122
3.6962
4.4045
4.479
4.1569
3.3977
3.6125
3.5022
4.5132
4.6112
5.6525
3.831
4.1704
3.6134
3.5738
4.3388
4.5685
4.195
4.2029
3.9733
-1.1356
-1.6332
-0.33379
0.027782
-1.3696
0.44842
-1.9404
-1.333
-0.70828
-1.916
-0.88849
-1.5957
-1.8048
-0.62431
-1.7195
-1.5613
-2.0033
-2.0611
-3.611
-1.4951
-2.5103
-0.082305
-0.17615
-1.2213
-1.0736
-1.1044
-0.79518
-1.7608
-0.68916
0.4796
-1.2515
-1.1172
-0.21506
-0.38726
-0.43363
0.50245
-0.80385
-0.00023999
-0.80723
0.12311
0.14069
0.44496
-0.50684
0.14521
-0.25814
1.8252
0.75465
2.1782
1.3991
0.70489
1.9134
1.5847
-0.24633
2.2885
0.83046
1.477
1.4607
2.6757
0.90389
-0.18168
1.0623
0.46264
0.49677
2.196
0.26434
1.3915
1.3586
0.73876
1.533
1.4608
-0.24667
-0.59111
1.4947
0.75783
0.67988
0.25258
1.6261
2.3179
0.9455
0.68806
4.0886
3.758
3.351
2.9493
3.1055
3.152
3.6967
2.7563
3.3566
3.1602
4.0933
3.4175
3.1739
4.3151
3.2042
5.1639
4.3382
3.1627
4.0031
3.2256
3.9036
4.4973
3.6826
5.0954
4.8279
4.1828
4.2147
5.0807
2.6662
4.0268
3.5449
3.0257
5.0452
4.8696
5.6571
3.8586
3.5054
4.3516
3.1229
3.0694
0.50066
0.75831
1.3153
0.40494
2.2997
2.4411
2.6475
2.5076
1.8971
3.7608
3.9264
2.3024
3.4292
4.2341
4.0559
3.9633
4.7635
6.3078
3.4247
3.9584
3.3316
2.5835
4.0315
3.3684
1.8935
1.3602
2.1839
1.6681
2.407
0.11887
0.091476
-1.1417
0.52554
0.35625
-1.2056
-0.13649
-0.86768
0.1123
0.42257
1.6659
6.1233
6.706
6.8015
5.7631
4.9641
4.5021
4.6455
4.3502
3.5715
3.2923
3.2687
4.658
3.5734
3.3255
4.3556
3.1024
3.5077
1.8516
3.473
4.2708
3.3973
6.1184
4.2184
5.3827
6.3289
5.925
6.0822
6.3579
5.139
8.6244
7.2732
7.7505
7.2937
8.0632
8.2243
8.6922
8.1244
7.537
6.0524
7.1382
1.7532
2.4953
1.6522
1.1989
1.0451
2.1186
1.1456
2.3544
1.323
1.7152
2.2905
1.9127
1.3688
2.2061
2.0165
-0.057767
1.5416
0.87721
0.72014
0.65652
1.761
0.3043
0.6261
1.8703
0.32156
1.6853
0.93288
1.1797
0.83738
2.0087
0.8592
1.6803
0.72564
0.39693
1.6812
2.0976
0.86171
-0.40556
1.1312
1.397
1.2082
3.2309
1.5826
2.7983
1.8229
3.1799
3.7289
2.5832
3.4849
2.8594
2.7389
3.5256
3.3105
2.3252
2.9438
3.4308
2.8194
2.1131
1.3786
0.95861
1.7391
1.8621
2.3235
1.1241
1.1604
1.6322
0.69293
-0.81607
0.7551
-0.39694
0.271
0.86426
0.52072
0.40482
-0.19275
1.4157
0.78136
2.0094
1.5503
1.1691
-3.7621
-2.3741
-2.3779
-1.6802
-1.9697
-1.0562
-0.94454
-1.3978
-0.92129
-0.14403
-1.5606
-0.83118
-0.71146
-0.38548
-0.46079
-0.20618
-0.87813
-0.40171
-0.59647
-0.95527
-0.68575
-0.52495
-2.1143
-0.94036
-0.40035
-0.92058
-2.2059
-2.1361
-3.3159
-3.0683
-0.90291
-2.9602
-2.1769
-1.7848
-2.7125
-3.234
-3.3155
-3.8407
-3.7134
-2.6627
3.9336
3.6661
4.1979
4.9428
4.9162
4.0027
4.4332
2.5229
3.2061
2.9927
3.2316
2.2952
1.534
1.1247
0.51593
1.0059
-0.012817
0.30385
-0.84679
0.24924
-1.5647
-1.5859
-0.37365
-0.94736
-1.0505
-1.2682
-0.74935
-1.3029
-0.45404
0.85322
1.0889
1.0781
2.0135
2.2108
1.5415
1.6248
3.3424
3.3079
3.6441
4.051
-1.1228
-0.16846
-0.50085
1.7212
-1.0177
1.8134
1.4815
1.5711
0.070145
1.8783
2.4519
1.0287
1.7229
2.4727
0.97441
0.89799
1.9991
0.7423
0.67905
1.2977
0.74277
1.4737
1.1986
0.45838
0.30493
-0.53757
-0.49192
-0.78515
0.25856
-1.0047
-1.6137
-1.234
-0.71783
-2.0437
-1.2549
-1.271
-0.0092452
0.15377
-0.5171
-0.38748
1.3788
3.0154
2.0826
3.0782
0.57826
1.8784
1.1458
2.2131
1.5152
1.9033
2.1621
2.632
1.9674
2.5671
1.6008
1.6309
0.069787
1.7729
0.098629
0.43444
1.7093
0.11999
-0.3919
1.876
0.022036
-0.93434
-0.93678
-0.86495
-0.13162
-1.2293
0.63081
0.61896
-0.76822
0.56143
1.0069
1.2043
0.5863
1.1475
0.64627
1.2293
0.29429
0.82209
1.6402
0.9783
3.2398
1.5027
4.1986
2.4476
3.7688
1.6701
3.6556
3.2337
3.2557
2.7241
3.5394
2.8234
3.4119
1.2568
2.9713
2.1877
2.0164
0.99137
2.3728
1.5341
1.2012
1.0985
2.5582
1.0077
1.424
1.3697
1.5949
0.90241
0.22887
1.5899
0.85087
2.7288
1.6576
1.7546
1.7339
0.97303
1.6288
2.2199
2.7121
1.7562
0.99121
0.51688
0.38908
0.75849
0.45208
-1.5872
-0.0077607
-0.13309
0.076733
-0.13533
-0.46258
-0.89564
-0.92562
-2.0641
-2.7965
-0.71859
-0.64335
-1.2721
-2.4909
-1.3751
-0.73048
-1.4361
0.47903
-1.2366
0.13733
-0.23359
1.0382
0.79048
2.0409
1.8078
1.7748
1.1753
1.2802
1.7422
2.2141
1.7544
-4.1845
-4.3149
-3.872
-5.2274
-4.4483
-3.413
-4.0948
-4.4772
-4.4669
-3.0192
-3.037
-4.8061
-4.7368
-3.3917
-3.3552
-4.0735
-4.4902
-2.4092
-2.7438
-2.6448
-2.5548
-2.9422
-3.0893
-1.5497
-2.711
-3.0835
-1.2191
-2.3136
-1.6226
-2.7229
-2.1744
-2.1597
-2.4612
-4.1558
-1.853
-2.5214
-2.9434
-3.9135
-4.1524
-4.564
-2.5378
-1.865
-1.6704
-0.3388
0.39547
0.39114
1.3751
0.49551
0.43668
1.2027
0.82023
0.74776
0.58944
0.66862
-0.021004
-1.3986
1.0545
-0.10431
-1.1763
-3.2212
-1.9257
-2.4676
-2.9625
-3.85
-3.3753
-3.6334
-3.8459
-4.8244
-5.1439
-5.445
-5.5305
-4.9743
-5.2208
-5.0136
-4.8249
-3.0812
-3.7007
-3.8724
-3.3091
-2.7682